"ID"	"age"	"cohort"	"capt"	"TL_mm"	"weight_g"	"sex"	"date"	"core"	"lifeyear"	"year"	"increment_um"	"rad_um"	"total_rad_um"	"quality"
"BH-00355"	2	2017	"Peene"	552	800	"m"	2019-07-09	286.1	1	2018	495.6	495.6	840.5	3
"BH-00355"	2	2017	"Peene"	552	800	"m"	2019-07-09	286.1	2	2019	237.5	733.1	840.5	3
"BH-00356"	7	2012	"Peene"	815	3000	"f"	2019-07-09	279.1	1	2013	460.5	460.5	1595.6	3
"BH-00356"	7	2012	"Peene"	815	3000	"f"	2019-07-09	279.1	2	2014	228.8	689.3	1595.6	3
"BH-00356"	7	2012	"Peene"	815	3000	"f"	2019-07-09	279.1	3	2015	238	927.3	1595.6	3
"BH-00356"	7	2012	"Peene"	815	3000	"f"	2019-07-09	279.1	4	2016	233.8	1161.1	1595.6	3
"BH-00356"	7	2012	"Peene"	815	3000	"f"	2019-07-09	279.1	5	2017	135.4	1296.5	1595.6	3
"BH-00356"	7	2012	"Peene"	815	3000	"f"	2019-07-09	279.1	6	2018	123.6	1420.1	1595.6	3
"BH-00356"	7	2012	"Peene"	815	3000	"f"	2019-07-09	279.1	7	2019	127.4	1547.5	1595.6	3
"BH-00385"	5	2014	"Barthe"	765	3260	"f"	2019-07-10	121.3	1	2015	432.7	432.7	1356.3	3
"BH-00385"	5	2014	"Barthe"	765	3260	"f"	2019-07-10	121.3	2	2016	239.5	672.2	1356.3	3
"BH-00385"	5	2014	"Barthe"	765	3260	"f"	2019-07-10	121.3	3	2017	273.8	946	1356.3	3
"BH-00385"	5	2014	"Barthe"	765	3260	"f"	2019-07-10	121.3	4	2018	184.6	1130.6	1356.3	3
"BH-00385"	5	2014	"Barthe"	765	3260	"f"	2019-07-10	121.3	5	2019	131.5	1262.1	1356.3	3
"BH-00391"	9	2010	"Barthe"	903	5220	"f"	2019-07-11	185.1	1	2011	458.7	458.7	1642.8	3
"BH-00391"	9	2010	"Barthe"	903	5220	"f"	2019-07-11	185.1	2	2012	207.6	666.3	1642.8	3
"BH-00391"	9	2010	"Barthe"	903	5220	"f"	2019-07-11	185.1	3	2013	183.9	850.2	1642.8	3
"BH-00391"	9	2010	"Barthe"	903	5220	"f"	2019-07-11	185.1	4	2014	196.5	1046.7	1642.8	3
"BH-00391"	9	2010	"Barthe"	903	5220	"f"	2019-07-11	185.1	5	2015	156.1	1202.8	1642.8	3
"BH-00391"	9	2010	"Barthe"	903	5220	"f"	2019-07-11	185.1	6	2016	113.8	1316.6	1642.8	3
"BH-00391"	9	2010	"Barthe"	903	5220	"f"	2019-07-11	185.1	7	2017	92	1408.6	1642.8	3
"BH-00391"	9	2010	"Barthe"	903	5220	"f"	2019-07-11	185.1	8	2018	105.7	1514.3	1642.8	3
"BH-00391"	9	2010	"Barthe"	903	5220	"f"	2019-07-11	185.1	9	2019	80.7	1595	1642.8	3
"BH-00392"	7	2012	"Barthe"	930	5600	"f"	2019-07-11	287.8	1	2013	565	565	1664.5	3
"BH-00392"	7	2012	"Barthe"	930	5600	"f"	2019-07-11	287.8	2	2014	189.1	754.1	1664.5	3
"BH-00392"	7	2012	"Barthe"	930	5600	"f"	2019-07-11	287.8	3	2015	229.4	983.5	1664.5	3
"BH-00392"	7	2012	"Barthe"	930	5600	"f"	2019-07-11	287.8	4	2016	215.7	1199.2	1664.5	3
"BH-00392"	7	2012	"Barthe"	930	5600	"f"	2019-07-11	287.8	5	2017	140.3	1339.5	1664.5	3
"BH-00392"	7	2012	"Barthe"	930	5600	"f"	2019-07-11	287.8	6	2018	132.3	1471.8	1664.5	3
"BH-00392"	7	2012	"Barthe"	930	5600	"f"	2019-07-11	287.8	7	2019	110	1581.8	1664.5	3
"BH-00398"	6	2013	"Barthe"	761	2650	"f"	2019-07-11	232.4	1	2014	431	431	1450.9	3
"BH-00398"	6	2013	"Barthe"	761	2650	"f"	2019-07-11	232.4	2	2015	300.5	731.5	1450.9	3
"BH-00398"	6	2013	"Barthe"	761	2650	"f"	2019-07-11	232.4	3	2016	252.5	984	1450.9	3
"BH-00398"	6	2013	"Barthe"	761	2650	"f"	2019-07-11	232.4	4	2017	103.8	1087.8	1450.9	3
"BH-00398"	6	2013	"Barthe"	761	2650	"f"	2019-07-11	232.4	5	2018	131.6	1219.4	1450.9	3
"BH-00398"	6	2013	"Barthe"	761	2650	"f"	2019-07-11	232.4	6	2019	132.4	1351.8	1450.9	3
"BH-00405"	2	2017	"Barthe"	466	715.9	"f"	2019-07-11	166.5	1	2018	367.2	367.2	860.8	3
"BH-00405"	2	2017	"Barthe"	466	715.9	"f"	2019-07-11	166.5	2	2019	295.9	663.1	860.8	3
"BH-00411"	3	2016	"Barthe"	677	1870	"f"	2019-07-11	189.7	1	2017	397.9	397.9	1148.1	3
"BH-00411"	3	2016	"Barthe"	677	1870	"f"	2019-07-11	189.7	2	2018	388.7	786.6	1148.1	3
"BH-00411"	3	2016	"Barthe"	677	1870	"f"	2019-07-11	189.7	3	2019	214.7	1001.3	1148.1	3
"BH-00418"	6	2013	"Peene"	758	2450	"f"	2019-07-12	192.5	1	2014	386.8	386.8	1611.1	3
"BH-00418"	6	2013	"Peene"	758	2450	"f"	2019-07-12	192.5	2	2015	261.4	648.2	1611.1	3
"BH-00418"	6	2013	"Peene"	758	2450	"f"	2019-07-12	192.5	3	2016	300.8	949	1611.1	3
"BH-00418"	6	2013	"Peene"	758	2450	"f"	2019-07-12	192.5	4	2017	234.6	1183.6	1611.1	3
"BH-00418"	6	2013	"Peene"	758	2450	"f"	2019-07-12	192.5	5	2018	195.1	1378.7	1611.1	3
"BH-00418"	6	2013	"Peene"	758	2450	"f"	2019-07-12	192.5	6	2019	174.3	1553	1611.1	3
"BH-00419"	10	2009	"Peene"	958	5780	"f"	2019-07-12	187.5	1	2010	384.7	384.7	1909.4	3
"BH-00419"	10	2009	"Peene"	958	5780	"f"	2019-07-12	187.5	2	2011	195.8	580.5	1909.4	3
"BH-00419"	10	2009	"Peene"	958	5780	"f"	2019-07-12	187.5	3	2012	209.6	790.1	1909.4	3
"BH-00419"	10	2009	"Peene"	958	5780	"f"	2019-07-12	187.5	4	2013	190.7	980.8	1909.4	3
"BH-00419"	10	2009	"Peene"	958	5780	"f"	2019-07-12	187.5	5	2014	155.8	1136.6	1909.4	3
"BH-00419"	10	2009	"Peene"	958	5780	"f"	2019-07-12	187.5	6	2015	150.9	1287.5	1909.4	3
"BH-00419"	10	2009	"Peene"	958	5780	"f"	2019-07-12	187.5	7	2016	162.6	1450.1	1909.4	3
"BH-00419"	10	2009	"Peene"	958	5780	"f"	2019-07-12	187.5	8	2017	124.7	1574.8	1909.4	3
"BH-00419"	10	2009	"Peene"	958	5780	"f"	2019-07-12	187.5	9	2018	112.8	1687.6	1909.4	3
"BH-00419"	10	2009	"Peene"	958	5780	"f"	2019-07-12	187.5	10	2019	128.5	1816.1	1909.4	3
"BH-00424"	2	2017	"Peene"	425	508.3	"m"	2019-07-12	178.7	1	2018	394.1	394.1	815.6	3
"BH-00424"	2	2017	"Peene"	425	508.3	"m"	2019-07-12	178.7	2	2019	266.7	660.8	815.6	3
"BH-00670"	4	2015	"KB"	680	NA	"f"	NA	147.6	1	2016	512.9	512.9	1367.6	3
"BH-00670"	5	2014	"KB"	680	NA	"f"	NA	91.4	1	2015	300.9	813.8	1114.9	3
"BH-00670"	4	2015	"KB"	680	NA	"f"	NA	147.6	2	2017	260.9	1074.7	1367.6	3
"BH-00670"	5	2014	"KB"	680	NA	"f"	NA	91.4	2	2016	171.3	1246	1114.9	3
"BH-00670"	4	2015	"KB"	680	NA	"f"	NA	147.6	3	2018	229.3	1475.3	1367.6	3
"BH-00670"	5	2014	"KB"	680	NA	"f"	NA	91.4	3	2017	153.9	1629.2	1114.9	3
"BH-00670"	4	2015	"KB"	680	NA	"f"	NA	147.6	4	2019	217	1846.2	1367.6	3
"BH-00670"	5	2014	"KB"	680	NA	"f"	NA	91.4	4	2018	247.4	2093.6	1114.9	3
"BH-00670"	5	2014	"KB"	680	NA	"f"	NA	91.4	5	2019	111.9	2205.5	1114.9	3
"BH-00681"	2	2018	"WB"	630	NA	"m"	NA	310.4	1	2019	584.7	584.7	856.9	3
"BH-00681"	2	2018	"WB"	630	NA	"m"	NA	310.4	2	2020	272.2	856.9	856.9	3
"BH-00685"	3	2017	"WB"	720	NA	"m"	NA	156.7	1	2018	563.4	563.4	1045.4	3
"BH-00685"	3	2017	"WB"	720	NA	"m"	NA	156.7	2	2019	211.5	774.9	1045.4	3
"BH-00685"	3	2017	"WB"	720	NA	"m"	NA	156.7	3	2020	270.5	1045.4	1045.4	3
"BH-00689"	2	2018	"WB"	600	NA	"m"	NA	197.7	1	2019	561	561	877.1	3
"BH-00689"	2	2018	"WB"	600	NA	"m"	NA	197.7	2	2020	316.1	877.1	877.1	3
"BH-00696"	4	2016	"WB"	790	NA	"f"	NA	125.6	1	2017	499.4	499.4	1042.2	3
"BH-00696"	4	2016	"WB"	790	NA	"f"	NA	125.6	2	2018	203.5	702.9	1042.2	3
"BH-00696"	4	2016	"WB"	790	NA	"f"	NA	125.6	3	2019	184.2	887.1	1042.2	3
"BH-00696"	4	2016	"WB"	790	NA	"f"	NA	125.6	4	2020	155.1	1042.2	1042.2	3
"BH-00729"	4	2015	"SB"	770	NA	"f"	NA	151.4	1	2016	461	461	1335.6	3
"BH-00729"	4	2015	"SB"	770	NA	"f"	NA	151.4	2	2017	347.4	808.4	1335.6	3
"BH-00729"	4	2015	"SB"	770	NA	"f"	NA	151.4	3	2018	221.9	1030.3	1335.6	3
"BH-00729"	4	2015	"SB"	770	NA	"f"	NA	151.4	4	2019	205.3	1235.6	1335.6	3
"BH-00730"	8	2011	"SB"	758	NA	"m"	2019-12-14	179.8	1	2012	491.2	491.2	1698.1	3
"BH-00730"	8	2011	"SB"	758	NA	"m"	2019-12-14	179.8	2	2013	393.6	884.8	1698.1	3
"BH-00730"	8	2011	"SB"	758	NA	"m"	2019-12-14	179.8	3	2014	146.7	1031.5	1698.1	3
"BH-00730"	8	2011	"SB"	758	NA	"m"	2019-12-14	179.8	4	2015	147.6	1179.1	1698.1	3
"BH-00730"	8	2011	"SB"	758	NA	"m"	2019-12-14	179.8	5	2016	123.8	1302.9	1698.1	3
"BH-00730"	8	2011	"SB"	758	NA	"m"	2019-12-14	179.8	6	2017	132.9	1435.8	1698.1	3
"BH-00730"	8	2011	"SB"	758	NA	"m"	2019-12-14	179.8	7	2018	87.6	1523.4	1698.1	3
"BH-00730"	8	2011	"SB"	758	NA	"m"	2019-12-14	179.8	8	2019	97.7	1621.1	1698.1	3
"BH-00732"	1	2018	"SB"	617	NA	"f"	2019-12-14	172.3	1	2019	510	510	766.8	3
"BH-00742"	1	2018	"GB"	550	NA	"m"	2019-11-08	153.2	1	2019	607.4	607.4	882.3	3
"BH-00750"	1	2018	"GB"	560	NA	"f"	NA	193.5	1	2019	696.7	696.7	833.5	3
"BH-01555"	5	2015	"BEG"	760	NA	"f"	2020-02-08	191.7	1	2016	424	424	1469.7	3
"BH-01555"	5	2015	"BEG"	760	NA	"f"	2020-02-08	191.7	2	2017	458	882	1469.7	3
"BH-01555"	5	2015	"BEG"	760	NA	"f"	2020-02-08	191.7	3	2018	250.7	1132.7	1469.7	3
"BH-01555"	5	2015	"BEG"	760	NA	"f"	2020-02-08	191.7	4	2019	205.9	1338.6	1469.7	3
"BH-01555"	5	2015	"BEG"	760	NA	"f"	2020-02-08	191.7	5	2020	131.1	1469.7	1469.7	3
"BH-01556"	10	2010	"BEG"	1110	NA	"f"	2020-02-08	237.6	1	2011	378.8	378.8	1705.7	3
"BH-01556"	10	2010	"BEG"	1110	NA	"f"	2020-02-08	237.6	2	2012	224.6	603.4	1705.7	3
"BH-01556"	10	2010	"BEG"	1110	NA	"f"	2020-02-08	237.6	3	2013	191	794.4	1705.7	3
"BH-01556"	10	2010	"BEG"	1110	NA	"f"	2020-02-08	237.6	4	2014	162.5	956.9	1705.7	3
"BH-01556"	10	2010	"BEG"	1110	NA	"f"	2020-02-08	237.6	5	2015	144.4	1101.3	1705.7	3
"BH-01556"	10	2010	"BEG"	1110	NA	"f"	2020-02-08	237.6	6	2016	132.6	1233.9	1705.7	3
"BH-01556"	10	2010	"BEG"	1110	NA	"f"	2020-02-08	237.6	7	2017	103.8	1337.7	1705.7	3
"BH-01556"	10	2010	"BEG"	1110	NA	"f"	2020-02-08	237.6	8	2018	144.4	1482.1	1705.7	3
"BH-01556"	10	2010	"BEG"	1110	NA	"f"	2020-02-08	237.6	9	2019	114.3	1596.4	1705.7	3
"BH-01556"	10	2010	"BEG"	1110	NA	"f"	2020-02-08	237.6	10	2020	109.3	1705.7	1705.7	3
"BH-01560"	7	2013	"BEG"	820	NA	"f"	2020-02-08	167.5	1	2014	521.2	521.2	1446.2	3
"BH-01560"	7	2013	"BEG"	820	NA	"f"	2020-02-08	167.5	2	2015	203	724.2	1446.2	3
"BH-01560"	7	2013	"BEG"	820	NA	"f"	2020-02-08	167.5	3	2016	173.6	897.8	1446.2	3
"BH-01560"	7	2013	"BEG"	820	NA	"f"	2020-02-08	167.5	4	2017	167.2	1065	1446.2	3
"BH-01560"	7	2013	"BEG"	820	NA	"f"	2020-02-08	167.5	5	2018	160.7	1225.7	1446.2	3
"BH-01560"	7	2013	"BEG"	820	NA	"f"	2020-02-08	167.5	6	2019	113	1338.7	1446.2	3
"BH-01560"	7	2013	"BEG"	820	NA	"f"	2020-02-08	167.5	7	2020	107.5	1446.2	1446.2	3
"BH-01567"	2	2018	"BEG"	460	NA	"m"	2020-02-28	126.6	1	2019	476.7	476.7	745.8	3
"BH-01567"	2	2018	"BEG"	460	NA	"m"	2020-02-28	126.6	2	2020	269.1	745.8	745.8	3
"BH-01569"	2	2018	"BEG"	550	NA	"m"	2020-02-28	171.4	1	2019	552.4	552.4	815.8	3
"BH-01569"	2	2018	"BEG"	550	NA	"m"	2020-02-28	171.4	2	2020	263.4	815.8	815.8	3
"BH-01570"	10	2010	"BEG"	980	NA	"f"	NA	93.5	1	2011	423.1	423.1	1837.3	3
"BH-01570"	10	2010	"BEG"	980	NA	"f"	NA	93.5	2	2012	188.3	611.4	1837.3	3
"BH-01570"	10	2010	"BEG"	980	NA	"f"	NA	93.5	3	2013	179.8	791.2	1837.3	3
"BH-01570"	10	2010	"BEG"	980	NA	"f"	NA	93.5	4	2014	209.4	1000.6	1837.3	3
"BH-01570"	10	2010	"BEG"	980	NA	"f"	NA	93.5	5	2015	150	1150.6	1837.3	3
"BH-01570"	10	2010	"BEG"	980	NA	"f"	NA	93.5	6	2016	129.6	1280.2	1837.3	3
"BH-01570"	10	2010	"BEG"	980	NA	"f"	NA	93.5	7	2017	144.4	1424.6	1837.3	3
"BH-01570"	10	2010	"BEG"	980	NA	"f"	NA	93.5	8	2018	143	1567.6	1837.3	3
"BH-01570"	10	2010	"BEG"	980	NA	"f"	NA	93.5	9	2019	140.9	1708.5	1837.3	3
"BH-01570"	10	2010	"BEG"	980	NA	"f"	NA	93.5	10	2020	128.8	1837.3	1837.3	3
"BH-01571"	2	2018	"BEG"	520	NA	"f"	2020-02-28	97.3	1	2019	517.9	517.9	799.2	3
"BH-01571"	2	2018	"BEG"	520	NA	"f"	2020-02-28	97.3	2	2020	281.3	799.2	799.2	3
"BH-01576"	2	2018	"BEG"	570	NA	"f"	2020-02-28	180.9	1	2019	591.4	591.4	866.9	3
"BH-01576"	2	2018	"BEG"	570	NA	"f"	2020-02-28	180.9	2	2020	275.5	866.9	866.9	3
"BH-01580"	2	2018	"BEG"	490	NA	"f"	2020-02-28	88.6	1	2019	690.9	690.9	999.9	3
"BH-01580"	2	2018	"BEG"	490	NA	"f"	2020-02-28	88.6	2	2020	309	999.9	999.9	3
"BH-01582"	7	2013	"BEG"	830	NA	"f"	NA	124.8	1	2014	434.6	434.6	1422.6	3
"BH-01582"	7	2013	"BEG"	830	NA	"f"	NA	124.8	2	2015	245.4	680	1422.6	3
"BH-01582"	7	2013	"BEG"	830	NA	"f"	NA	124.8	3	2016	208.6	888.6	1422.6	3
"BH-01582"	7	2013	"BEG"	830	NA	"f"	NA	124.8	4	2017	163.3	1051.9	1422.6	3
"BH-01582"	7	2013	"BEG"	830	NA	"f"	NA	124.8	5	2018	117.7	1169.6	1422.6	3
"BH-01582"	7	2013	"BEG"	830	NA	"f"	NA	124.8	6	2019	116.8	1286.4	1422.6	3
"BH-01582"	7	2013	"BEG"	830	NA	"f"	NA	124.8	7	2020	136.2	1422.6	1422.6	3
"BH-01585"	10	2010	"WB"	760	NA	"m"	NA	194.7	1	2011	386.4	386.4	1646.9	3
"BH-01585"	10	2010	"WB"	760	NA	"m"	NA	194.7	2	2012	212.2	598.6	1646.9	3
"BH-01585"	10	2010	"WB"	760	NA	"m"	NA	194.7	3	2013	167.1	765.7	1646.9	3
"BH-01585"	10	2010	"WB"	760	NA	"m"	NA	194.7	4	2014	142.9	908.6	1646.9	3
"BH-01585"	10	2010	"WB"	760	NA	"m"	NA	194.7	5	2015	122.5	1031.1	1646.9	3
"BH-01585"	10	2010	"WB"	760	NA	"m"	NA	194.7	6	2016	169.1	1200.2	1646.9	3
"BH-01585"	10	2010	"WB"	760	NA	"m"	NA	194.7	7	2017	111.3	1311.5	1646.9	3
"BH-01585"	10	2010	"WB"	760	NA	"m"	NA	194.7	8	2018	102.2	1413.7	1646.9	3
"BH-01585"	10	2010	"WB"	760	NA	"m"	NA	194.7	9	2019	101.4	1515.1	1646.9	3
"BH-01585"	10	2010	"WB"	760	NA	"m"	NA	194.7	10	2020	131.8	1646.9	1646.9	3
"BH-01588"	10	2010	"KJB"	1050	NA	"f"	NA	175.4	1	2011	437.7	437.7	1774	3
"BH-01588"	10	2010	"KJB"	1050	NA	"f"	NA	175.4	2	2012	214.4	652.1	1774	3
"BH-01588"	10	2010	"KJB"	1050	NA	"f"	NA	175.4	3	2013	167.7	819.8	1774	3
"BH-01588"	10	2010	"KJB"	1050	NA	"f"	NA	175.4	4	2014	149.5	969.3	1774	3
"BH-01588"	10	2010	"KJB"	1050	NA	"f"	NA	175.4	5	2015	138.4	1107.7	1774	3
"BH-01588"	10	2010	"KJB"	1050	NA	"f"	NA	175.4	6	2016	110.2	1217.9	1774	3
"BH-01588"	10	2010	"KJB"	1050	NA	"f"	NA	175.4	7	2017	119.9	1337.8	1774	3
"BH-01588"	10	2010	"KJB"	1050	NA	"f"	NA	175.4	8	2018	149.5	1487.3	1774	3
"BH-01588"	10	2010	"KJB"	1050	NA	"f"	NA	175.4	9	2019	138.4	1625.7	1774	3
"BH-01588"	10	2010	"KJB"	1050	NA	"f"	NA	175.4	10	2020	148.3	1774	1774	3
"BH-01594"	2	2018	"WB"	630	NA	"f"	NA	271.6	1	2019	569	569	869	3
"BH-01594"	2	2018	"WB"	630	NA	"f"	NA	271.6	2	2020	300	869	869	3
"BH-01595"	4	2016	"WB"	690	NA	"m"	NA	172.8	1	2017	518.8	518.8	1182.9	3
"BH-01595"	4	2016	"WB"	690	NA	"m"	NA	172.8	2	2018	256.2	775	1182.9	3
"BH-01595"	4	2016	"WB"	690	NA	"m"	NA	172.8	3	2019	199.5	974.5	1182.9	3
"BH-01595"	4	2016	"WB"	690	NA	"m"	NA	172.8	4	2020	208.4	1182.9	1182.9	3
"BH-01596"	2	2018	"GJB"	660	NA	"f"	NA	285.4	1	2019	556.4	556.4	833.5	3
"BH-01596"	2	2018	"GJB"	660	NA	"f"	NA	285.4	2	2020	277.1	833.5	833.5	3
"BH-01598"	4	2016	"GJB"	750	NA	"f"	NA	259.2	1	2017	536.1	536.1	1280.8	3
"BH-01598"	4	2016	"GJB"	750	NA	"f"	NA	259.2	2	2018	238.5	774.6	1280.8	3
"BH-01598"	4	2016	"GJB"	750	NA	"f"	NA	259.2	3	2019	211.3	985.9	1280.8	3
"BH-01598"	4	2016	"GJB"	750	NA	"f"	NA	259.2	4	2020	294.9	1280.8	1280.8	3
"BH-01713"	7	2013	"SB"	980	7200	"f"	2020-01-08	211.6	1	2014	656.1	656.1	1649.4	3
"BH-01713"	7	2013	"SB"	980	7200	"f"	2020-01-08	211.6	2	2015	233	889.1	1649.4	3
"BH-01713"	7	2013	"SB"	980	7200	"f"	2020-01-08	211.6	3	2016	182.3	1071.4	1649.4	3
"BH-01713"	7	2013	"SB"	980	7200	"f"	2020-01-08	211.6	4	2017	178.1	1249.5	1649.4	3
"BH-01713"	7	2013	"SB"	980	7200	"f"	2020-01-08	211.6	5	2018	167.1	1416.6	1649.4	3
"BH-01713"	7	2013	"SB"	980	7200	"f"	2020-01-08	211.6	6	2019	124	1540.6	1649.4	3
"BH-01713"	7	2013	"SB"	980	7200	"f"	2020-01-08	211.6	7	2020	108.8	1649.4	1649.4	3
"BH-01717"	13	2007	"BEG"	1040	NA	"f"	NA	118.7	1	2008	445.4	445.4	1954.8	3
"BH-01717"	13	2007	"BEG"	1040	NA	"f"	NA	118.7	2	2009	202.6	648	1954.8	3
"BH-01717"	13	2007	"BEG"	1040	NA	"f"	NA	118.7	3	2010	129	777	1954.8	3
"BH-01717"	13	2007	"BEG"	1040	NA	"f"	NA	118.7	4	2011	128.6	905.6	1954.8	3
"BH-01717"	13	2007	"BEG"	1040	NA	"f"	NA	118.7	5	2012	137	1042.6	1954.8	3
"BH-01717"	13	2007	"BEG"	1040	NA	"f"	NA	118.7	6	2013	164.3	1206.9	1954.8	3
"BH-01717"	13	2007	"BEG"	1040	NA	"f"	NA	118.7	7	2014	134.2	1341.1	1954.8	3
"BH-01717"	13	2007	"BEG"	1040	NA	"f"	NA	118.7	8	2015	106.8	1447.9	1954.8	3
"BH-01717"	13	2007	"BEG"	1040	NA	"f"	NA	118.7	9	2016	74	1521.9	1954.8	3
"BH-01717"	13	2007	"BEG"	1040	NA	"f"	NA	118.7	10	2017	71.2	1593.1	1954.8	3
"BH-01717"	13	2007	"BEG"	1040	NA	"f"	NA	118.7	11	2018	136.9	1730	1954.8	3
"BH-01717"	13	2007	"BEG"	1040	NA	"f"	NA	118.7	12	2019	101.5	1831.5	1954.8	3
"BH-01717"	13	2007	"BEG"	1040	NA	"f"	NA	118.7	13	2020	123.3	1954.8	1954.8	3
"BH-01719"	1	2018	"SB"	550	1400	"f"	2019-12-23	120.1	1	2019	595	595	825.7	3
"BH-01722"	13	2007	"BEG"	950	NA	"f"	NA	101.8	1	2008	405.7	405.7	1897.3	3
"BH-01722"	13	2007	"BEG"	950	NA	"f"	NA	101.8	2	2009	193.6	599.3	1897.3	3
"BH-01722"	13	2007	"BEG"	950	NA	"f"	NA	101.8	3	2010	141.5	740.8	1897.3	3
"BH-01722"	13	2007	"BEG"	950	NA	"f"	NA	101.8	4	2011	157.3	898.1	1897.3	3
"BH-01722"	13	2007	"BEG"	950	NA	"f"	NA	101.8	5	2012	159.3	1057.4	1897.3	3
"BH-01722"	13	2007	"BEG"	950	NA	"f"	NA	101.8	6	2013	95.8	1153.2	1897.3	3
"BH-01722"	13	2007	"BEG"	950	NA	"f"	NA	101.8	7	2014	168.1	1321.3	1897.3	3
"BH-01722"	13	2007	"BEG"	950	NA	"f"	NA	101.8	8	2015	108.5	1429.8	1897.3	3
"BH-01722"	13	2007	"BEG"	950	NA	"f"	NA	101.8	9	2016	112.1	1541.9	1897.3	3
"BH-01722"	13	2007	"BEG"	950	NA	"f"	NA	101.8	10	2017	100.1	1642	1897.3	3
"BH-01722"	13	2007	"BEG"	950	NA	"f"	NA	101.8	11	2018	102.9	1744.9	1897.3	3
"BH-01722"	13	2007	"BEG"	950	NA	"f"	NA	101.8	12	2019	77.9	1822.8	1897.3	3
"BH-01722"	13	2007	"BEG"	950	NA	"f"	NA	101.8	13	2020	74.5	1897.3	1897.3	3
"BH-01731"	9	2011	"SB"	950	6800	"m"	2020-01-08	147.3	1	2012	462.1	462.1	1752.5	3
"BH-01731"	9	2011	"SB"	950	6800	"m"	2020-01-08	147.3	2	2013	201.9	664	1752.5	3
"BH-01731"	9	2011	"SB"	950	6800	"m"	2020-01-08	147.3	3	2014	157	821	1752.5	3
"BH-01731"	9	2011	"SB"	950	6800	"m"	2020-01-08	147.3	4	2015	148	969	1752.5	3
"BH-01731"	9	2011	"SB"	950	6800	"m"	2020-01-08	147.3	5	2016	124.5	1093.5	1752.5	3
"BH-01731"	9	2011	"SB"	950	6800	"m"	2020-01-08	147.3	6	2017	164	1257.5	1752.5	3
"BH-01731"	9	2011	"SB"	950	6800	"m"	2020-01-08	147.3	7	2018	161.5	1419	1752.5	3
"BH-01731"	9	2011	"SB"	950	6800	"m"	2020-01-08	147.3	8	2019	155.1	1574.1	1752.5	3
"BH-01731"	9	2011	"SB"	950	6800	"m"	2020-01-08	147.3	9	2020	178.4	1752.5	1752.5	3
"BH-01737"	8	2012	"KB"	1130	11500	"f"	2020-02-27	224.9	1	2013	430.6	430.6	1444	3
"BH-01737"	8	2012	"KB"	1130	11500	"f"	2020-02-27	224.9	2	2014	194.1	624.7	1444	3
"BH-01737"	8	2012	"KB"	1130	11500	"f"	2020-02-27	224.9	3	2015	249.1	873.8	1444	3
"BH-01737"	8	2012	"KB"	1130	11500	"f"	2020-02-27	224.9	4	2016	163.7	1037.5	1444	3
"BH-01737"	8	2012	"KB"	1130	11500	"f"	2020-02-27	224.9	5	2017	143.9	1181.4	1444	3
"BH-01737"	8	2012	"KB"	1130	11500	"f"	2020-02-27	224.9	6	2018	120.6	1302	1444	3
"BH-01737"	8	2012	"KB"	1130	11500	"f"	2020-02-27	224.9	7	2019	94.8	1396.8	1444	3
"BH-01737"	8	2012	"KB"	1130	11500	"f"	2020-02-27	224.9	8	2020	47.2	1444	1444	3
"BH-01738"	7	2012	"SB"	860	5400	"f"	2019-12-23	233.9	1	2013	430.9	430.9	1401.8	3
"BH-01738"	7	2012	"SB"	860	5400	"f"	2019-12-23	233.9	2	2014	200.2	631.1	1401.8	3
"BH-01738"	7	2012	"SB"	860	5400	"f"	2019-12-23	233.9	3	2015	250.1	881.2	1401.8	3
"BH-01738"	7	2012	"SB"	860	5400	"f"	2019-12-23	233.9	4	2016	158.5	1039.7	1401.8	3
"BH-01738"	7	2012	"SB"	860	5400	"f"	2019-12-23	233.9	5	2017	130.9	1170.6	1401.8	3
"BH-01738"	7	2012	"SB"	860	5400	"f"	2019-12-23	233.9	6	2018	113.1	1283.7	1401.8	3
"BH-01738"	7	2012	"SB"	860	5400	"f"	2019-12-23	233.9	7	2019	118.1	1401.8	1401.8	3
"BH-01741"	6	2014	"KD"	750	NA	"f"	NA	120.1	1	2015	483	483	1419.9	3
"BH-01741"	6	2014	"KD"	750	NA	"f"	NA	120.1	2	2016	227.2	710.2	1419.9	3
"BH-01741"	6	2014	"KD"	750	NA	"f"	NA	120.1	3	2017	180.4	890.6	1419.9	3
"BH-01741"	6	2014	"KD"	750	NA	"f"	NA	120.1	4	2018	162.9	1053.5	1419.9	3
"BH-01741"	6	2014	"KD"	750	NA	"f"	NA	120.1	5	2019	106.5	1160	1419.9	3
"BH-01741"	6	2014	"KD"	750	NA	"f"	NA	120.1	6	2020	122.1	1282.1	1419.9	3
"BH-01758"	7	2013	"SB"	682	2580	"m"	2020-05-01	171.8	1	2014	435.1	435.1	1461	3
"BH-01758"	7	2013	"SB"	682	2580	"m"	2020-05-01	171.8	2	2015	388.5	823.6	1461	3
"BH-01758"	7	2013	"SB"	682	2580	"m"	2020-05-01	171.8	3	2016	147.6	971.2	1461	3
"BH-01758"	7	2013	"SB"	682	2580	"m"	2020-05-01	171.8	4	2017	132	1103.2	1461	3
"BH-01758"	7	2013	"SB"	682	2580	"m"	2020-05-01	171.8	5	2018	140.1	1243.3	1461	3
"BH-01758"	7	2013	"SB"	682	2580	"m"	2020-05-01	171.8	6	2019	107.1	1350.4	1461	3
"BH-01758"	7	2013	"SB"	682	2580	"m"	2020-05-01	171.8	7	2020	79.6	1430	1461	3
"BH-01767"	8	2012	"KD"	751	NA	"f"	2020-09-12	321.4	1	2013	372.4	372.4	1545.3	3
"BH-01767"	8	2012	"KD"	751	NA	"f"	2020-09-12	321.4	2	2014	247.3	619.7	1545.3	3
"BH-01767"	8	2012	"KD"	751	NA	"f"	2020-09-12	321.4	3	2015	174	793.7	1545.3	3
"BH-01767"	8	2012	"KD"	751	NA	"f"	2020-09-12	321.4	4	2016	165.6	959.3	1545.3	3
"BH-01767"	8	2012	"KD"	751	NA	"f"	2020-09-12	321.4	5	2017	161.3	1120.6	1545.3	3
"BH-01767"	8	2012	"KD"	751	NA	"f"	2020-09-12	321.4	6	2018	152.8	1273.4	1545.3	3
"BH-01767"	8	2012	"KD"	751	NA	"f"	2020-09-12	321.4	7	2019	108.4	1381.8	1545.3	3
"BH-01767"	8	2012	"KD"	751	NA	"f"	2020-09-12	321.4	8	2020	97.3	1479.1	1545.3	3
"BH-01772"	5	2015	"KD"	634	NA	"f"	2020-10-09	266.7	1	2016	423.5	423.5	1233	3
"BH-01772"	5	2015	"KD"	634	NA	"f"	2020-10-09	266.7	2	2017	282.5	706	1233	3
"BH-01772"	5	2015	"KD"	634	NA	"f"	2020-10-09	266.7	3	2018	174	880	1233	3
"BH-01772"	5	2015	"KD"	634	NA	"f"	2020-10-09	266.7	4	2019	171.9	1051.9	1233	3
"BH-01772"	5	2015	"KD"	634	NA	"f"	2020-10-09	266.7	5	2020	138.8	1190.7	1233	3
"BH-01774"	4	2016	"KD"	638	NA	"f"	2020-10-09	270.4	1	2017	562.9	562.9	1308	3
"BH-01774"	4	2016	"KD"	638	NA	"f"	2020-10-09	270.4	2	2018	199.2	762.1	1308	3
"BH-01774"	4	2016	"KD"	638	NA	"f"	2020-10-09	270.4	3	2019	205.4	967.5	1308	3
"BH-01774"	4	2016	"KD"	638	NA	"f"	2020-10-09	270.4	4	2020	288.3	1255.8	1308	3
"BH-01776"	2	2018	"KD"	574	NA	"f"	2020-10-09	196.5	1	2019	667.2	667.2	1238.4	3
"BH-01776"	2	2018	"KD"	574	NA	"f"	2020-10-09	196.5	2	2020	270.3	937.5	1238.4	3
"BH-01789"	3	2017	"KB"	600	1700	"m"	2020-02-26	141.7	1	2018	318.1	318.1	797.8	3
"BH-01789"	3	2017	"KB"	600	1700	"m"	2020-02-26	141.7	2	2019	225.2	543.3	797.8	3
"BH-01789"	3	2017	"KB"	600	1700	"m"	2020-02-26	141.7	3	2020	254.5	797.8	797.8	3
"BH-01802"	3	2017	"SB"	638	1980	"m"	2020-05-01	109.6	1	2018	450.2	450.2	994.8	3
"BH-01802"	3	2017	"SB"	638	1980	"m"	2020-05-01	109.6	2	2019	218	668.2	994.8	3
"BH-01802"	3	2017	"SB"	638	1980	"m"	2020-05-01	109.6	3	2020	158.2	826.4	994.8	3
"BH-01803"	4	2015	"SB"	600	1900	"m"	2019-11-24	111.3	1	2016	314.1	314.1	1093.2	3
"BH-01803"	4	2015	"SB"	600	1900	"m"	2019-11-24	111.3	2	2017	186	500.1	1093.2	3
"BH-01803"	4	2015	"SB"	600	1900	"m"	2019-11-24	111.3	3	2018	206.6	706.7	1093.2	3
"BH-01803"	4	2015	"SB"	600	1900	"m"	2019-11-24	111.3	4	2019	203.2	909.9	1093.2	3
"BH-01809"	3	2017	"KB"	520	900	"m"	2020-02-26	125.6	1	2018	411.7	411.7	760.7	3
"BH-01809"	3	2017	"KB"	520	900	"m"	2020-02-26	125.6	2	2019	120.5	532.2	760.7	3
"BH-01809"	3	2017	"KB"	520	900	"m"	2020-02-26	125.6	3	2020	228.5	760.7	760.7	3
"BH-01812"	7	2012	"SB"	1020	8900	"f"	2019-11-22	187	1	2013	421.5	421.5	1649	3
"BH-01812"	7	2012	"SB"	1020	8900	"f"	2019-11-22	187	2	2014	211.7	633.2	1649	3
"BH-01812"	7	2012	"SB"	1020	8900	"f"	2019-11-22	187	3	2015	213	846.2	1649	3
"BH-01812"	7	2012	"SB"	1020	8900	"f"	2019-11-22	187	4	2016	292.3	1138.5	1649	3
"BH-01812"	7	2012	"SB"	1020	8900	"f"	2019-11-22	187	5	2017	133.8	1272.3	1649	3
"BH-01812"	7	2012	"SB"	1020	8900	"f"	2019-11-22	187	6	2018	139	1411.3	1649	3
"BH-01812"	7	2012	"SB"	1020	8900	"f"	2019-11-22	187	7	2019	113	1524.3	1649	3
"BH-01814"	6	2014	"KB"	780	3600	"m"	2020-02-26	180.1	1	2015	326.3	326.3	1558.4	3
"BH-01814"	6	2014	"KB"	780	3600	"m"	2020-02-26	180.1	2	2016	262.4	588.7	1558.4	3
"BH-01814"	6	2014	"KB"	780	3600	"m"	2020-02-26	180.1	3	2017	282.1	870.8	1558.4	3
"BH-01814"	6	2014	"KB"	780	3600	"m"	2020-02-26	180.1	4	2018	272.7	1143.5	1558.4	3
"BH-01814"	6	2014	"KB"	780	3600	"m"	2020-02-26	180.1	5	2019	211.8	1355.3	1558.4	3
"BH-01814"	6	2014	"KB"	780	3600	"m"	2020-02-26	180.1	6	2020	203.1	1558.4	1558.4	3
"BH-01819"	4	2016	"KB"	680	2800	"m"	2020-02-27	106.1	1	2017	396.1	396.1	1188	3
"BH-01819"	4	2016	"KB"	680	2800	"m"	2020-02-27	106.1	2	2018	371.2	767.3	1188	3
"BH-01819"	4	2016	"KB"	680	2800	"m"	2020-02-27	106.1	3	2019	148.7	916	1188	3
"BH-01819"	4	2016	"KB"	680	2800	"m"	2020-02-27	106.1	4	2020	272	1188	1188	3
"BH-01835"	7	2013	"KB"	820	3800	"m"	2020-02-26	144.6	1	2014	410.2	410.2	1361.6	3
"BH-01835"	7	2013	"KB"	820	3800	"m"	2020-02-26	144.6	2	2015	263.5	673.7	1361.6	3
"BH-01835"	7	2013	"KB"	820	3800	"m"	2020-02-26	144.6	3	2016	152.1	825.8	1361.6	3
"BH-01835"	7	2013	"KB"	820	3800	"m"	2020-02-26	144.6	4	2017	192.5	1018.3	1361.6	3
"BH-01835"	7	2013	"KB"	820	3800	"m"	2020-02-26	144.6	5	2018	104.3	1122.6	1361.6	3
"BH-01835"	7	2013	"KB"	820	3800	"m"	2020-02-26	144.6	6	2019	92	1214.6	1361.6	3
"BH-01835"	7	2013	"KB"	820	3800	"m"	2020-02-26	144.6	7	2020	147	1361.6	1361.6	3
"BH-01846"	12	2008	"BEG"	880	NA	"f"	2020-02-16	90.1	1	2009	563.6	563.6	2130.8	3
"BH-01846"	12	2008	"BEG"	880	NA	"f"	2020-02-16	90.1	2	2010	232.8	796.4	2130.8	3
"BH-01846"	12	2008	"BEG"	880	NA	"f"	2020-02-16	90.1	3	2011	122.8	919.2	2130.8	3
"BH-01846"	12	2008	"BEG"	880	NA	"f"	2020-02-16	90.1	4	2012	109.6	1028.8	2130.8	3
"BH-01846"	12	2008	"BEG"	880	NA	"f"	2020-02-16	90.1	5	2013	135.9	1164.7	2130.8	3
"BH-01846"	12	2008	"BEG"	880	NA	"f"	2020-02-16	90.1	6	2014	210.4	1375.1	2130.8	3
"BH-01846"	12	2008	"BEG"	880	NA	"f"	2020-02-16	90.1	7	2015	138.4	1513.5	2130.8	3
"BH-01846"	12	2008	"BEG"	880	NA	"f"	2020-02-16	90.1	8	2016	120.3	1633.8	2130.8	3
"BH-01846"	12	2008	"BEG"	880	NA	"f"	2020-02-16	90.1	9	2017	86.2	1720	2130.8	3
"BH-01846"	12	2008	"BEG"	880	NA	"f"	2020-02-16	90.1	10	2018	162.8	1882.8	2130.8	3
"BH-01846"	12	2008	"BEG"	880	NA	"f"	2020-02-16	90.1	11	2019	102.9	1985.7	2130.8	3
"BH-01846"	12	2008	"BEG"	880	NA	"f"	2020-02-16	90.1	12	2020	145.1	2130.8	2130.8	3
"BH-01850"	6	2014	"BEG"	910	NA	"f"	2020-02-14	221.7	1	2015	564	564	1496.6	3
"BH-01850"	6	2014	"BEG"	910	NA	"f"	2020-02-14	221.7	2	2016	332.5	896.5	1496.6	3
"BH-01850"	6	2014	"BEG"	910	NA	"f"	2020-02-14	221.7	3	2017	161.9	1058.4	1496.6	3
"BH-01850"	6	2014	"BEG"	910	NA	"f"	2020-02-14	221.7	4	2018	181.9	1240.3	1496.6	3
"BH-01850"	6	2014	"BEG"	910	NA	"f"	2020-02-14	221.7	5	2019	159.7	1400	1496.6	3
"BH-01850"	6	2014	"BEG"	910	NA	"f"	2020-02-14	221.7	6	2020	96.6	1496.6	1496.6	3
"BH-01855"	8	2012	"SB"	722	2500	"m"	2020-05-01	142.9	1	2013	376.8	376.8	1547.8	3
"BH-01855"	8	2012	"SB"	722	2500	"m"	2020-05-01	142.9	2	2014	246.1	622.9	1547.8	3
"BH-01855"	8	2012	"SB"	722	2500	"m"	2020-05-01	142.9	3	2015	156.2	779.1	1547.8	3
"BH-01855"	8	2012	"SB"	722	2500	"m"	2020-05-01	142.9	4	2016	156.2	935.3	1547.8	3
"BH-01855"	8	2012	"SB"	722	2500	"m"	2020-05-01	142.9	5	2017	136.2	1071.5	1547.8	3
"BH-01855"	8	2012	"SB"	722	2500	"m"	2020-05-01	142.9	6	2018	170	1241.5	1547.8	3
"BH-01855"	8	2012	"SB"	722	2500	"m"	2020-05-01	142.9	7	2019	104.7	1346.2	1547.8	3
"BH-01855"	8	2012	"SB"	722	2500	"m"	2020-05-01	142.9	8	2020	120.5	1466.7	1547.8	3
"BH-01860"	7	2013	"KB"	940	7900	"f"	2020-02-27	205.7	1	2014	455.5	455.5	1616.7	3
"BH-01860"	7	2013	"KB"	940	7900	"f"	2020-02-27	205.7	2	2015	263.7	719.2	1616.7	3
"BH-01860"	7	2013	"KB"	940	7900	"f"	2020-02-27	205.7	3	2016	248.1	967.3	1616.7	3
"BH-01860"	7	2013	"KB"	940	7900	"f"	2020-02-27	205.7	4	2017	210.4	1177.7	1616.7	3
"BH-01860"	7	2013	"KB"	940	7900	"f"	2020-02-27	205.7	5	2018	123.4	1301.1	1616.7	3
"BH-01860"	7	2013	"KB"	940	7900	"f"	2020-02-27	205.7	6	2019	139	1440.1	1616.7	3
"BH-01860"	7	2013	"KB"	940	7900	"f"	2020-02-27	205.7	7	2020	176.6	1616.7	1616.7	3
"BH-01867"	6	2013	"SB"	820	4800	"f"	2019-11-23	236.2	1	2014	464.2	464.2	1449.1	3
"BH-01867"	6	2013	"SB"	820	4800	"f"	2019-11-23	236.2	2	2015	226.1	690.3	1449.1	3
"BH-01867"	6	2013	"SB"	820	4800	"f"	2019-11-23	236.2	3	2016	204.4	894.7	1449.1	3
"BH-01867"	6	2013	"SB"	820	4800	"f"	2019-11-23	236.2	4	2017	221.3	1116	1449.1	3
"BH-01867"	6	2013	"SB"	820	4800	"f"	2019-11-23	236.2	5	2018	152.8	1268.8	1449.1	3
"BH-01867"	6	2013	"SB"	820	4800	"f"	2019-11-23	236.2	6	2019	84.4	1353.2	1449.1	3
"BH-01868"	10	2010	"SB"	1010	8700	"f"	2020-01-08	212.3	1	2011	387.6	387.6	1552.6	3
"BH-01868"	10	2010	"SB"	1010	8700	"f"	2020-01-08	212.3	2	2012	246.2	633.8	1552.6	3
"BH-01868"	10	2010	"SB"	1010	8700	"f"	2020-01-08	212.3	3	2013	128	761.8	1552.6	3
"BH-01868"	10	2010	"SB"	1010	8700	"f"	2020-01-08	212.3	4	2014	148.8	910.6	1552.6	3
"BH-01868"	10	2010	"SB"	1010	8700	"f"	2020-01-08	212.3	5	2015	152.3	1062.9	1552.6	3
"BH-01868"	10	2010	"SB"	1010	8700	"f"	2020-01-08	212.3	6	2016	107.1	1170	1552.6	3
"BH-01868"	10	2010	"SB"	1010	8700	"f"	2020-01-08	212.3	7	2017	95.8	1265.8	1552.6	3
"BH-01868"	10	2010	"SB"	1010	8700	"f"	2020-01-08	212.3	8	2018	51.8	1317.6	1552.6	3
"BH-01868"	10	2010	"SB"	1010	8700	"f"	2020-01-08	212.3	9	2019	132.5	1450.1	1552.6	3
"BH-01868"	10	2010	"SB"	1010	8700	"f"	2020-01-08	212.3	10	2020	102.5	1552.6	1552.6	3
"BH-01869"	3	2016	"SB"	730	3300	"f"	2019-12-17	239.5	1	2017	518.7	518.7	1107.7	3
"BH-01869"	3	2016	"SB"	730	3300	"f"	2019-12-17	239.5	2	2018	187.8	706.5	1107.7	3
"BH-01869"	3	2016	"SB"	730	3300	"f"	2019-12-17	239.5	3	2019	158.5	865	1107.7	3
"BH-01877"	2	2018	"KD"	434	NA	"m"	2020-10-09	170.8	1	2019	415.5	415.5	877.3	3
"BH-01877"	2	2018	"KD"	434	NA	"m"	2020-10-09	170.8	2	2020	230.4	645.9	877.3	3
"BH-01882"	2	2018	"GB"	670	NA	"f"	2020-11-12	129.1	1	2019	522.1	522.1	1044	3
"BH-01882"	2	2018	"GB"	670	NA	"f"	2020-11-12	129.1	2	2020	267.3	789.4	1044	3
"BH-01883"	5	2015	"GB"	870	NA	"f"	2020-11-12	258.2	1	2016	444.7	444.7	1359.2	3
"BH-01883"	5	2015	"GB"	870	NA	"f"	2020-11-12	258.2	2	2017	250.9	695.6	1359.2	3
"BH-01883"	5	2015	"GB"	870	NA	"f"	2020-11-12	258.2	3	2018	196.4	892	1359.2	3
"BH-01883"	5	2015	"GB"	870	NA	"f"	2020-11-12	258.2	4	2019	138.3	1030.3	1359.2	3
"BH-01883"	5	2015	"GB"	870	NA	"f"	2020-11-12	258.2	5	2020	165.6	1195.9	1359.2	3
"BH-01885"	2	2018	"GB"	796	NA	"f"	2020-11-27	259	1	2019	496.7	496.7	948.2	3
"BH-01885"	2	2018	"GB"	796	NA	"f"	2020-11-27	259	2	2020	228.3	725	948.2	3
"BH-01889"	4	2016	"GB"	837	NA	"f"	2020-11-27	163.8	1	2017	536.5	536.5	1391.9	3
"BH-01889"	4	2016	"GB"	837	NA	"f"	2020-11-27	163.8	2	2018	298.7	835.2	1391.9	3
"BH-01889"	4	2016	"GB"	837	NA	"f"	2020-11-27	163.8	3	2019	200.2	1035.4	1391.9	3
"BH-01889"	4	2016	"GB"	837	NA	"f"	2020-11-27	163.8	4	2020	227.6	1263	1391.9	3
"BH-01891"	8	2012	"GB"	870	4348	"f"	2020-11-27	182.9	1	2013	399.7	399.7	1518.8	3
"BH-01891"	8	2012	"GB"	870	4348	"f"	2020-11-27	182.9	2	2014	218.5	618.2	1518.8	3
"BH-01891"	8	2012	"GB"	870	4348	"f"	2020-11-27	182.9	3	2015	141.3	759.5	1518.8	3
"BH-01891"	8	2012	"GB"	870	4348	"f"	2020-11-27	182.9	4	2016	135.1	894.6	1518.8	3
"BH-01891"	8	2012	"GB"	870	4348	"f"	2020-11-27	182.9	5	2017	117.1	1011.7	1518.8	3
"BH-01891"	8	2012	"GB"	870	4348	"f"	2020-11-27	182.9	6	2018	126	1137.7	1518.8	3
"BH-01891"	8	2012	"GB"	870	4348	"f"	2020-11-27	182.9	7	2019	149.8	1287.5	1518.8	3
"BH-01891"	8	2012	"GB"	870	4348	"f"	2020-11-27	182.9	8	2020	90.9	1378.4	1518.8	3
"BH-01892"	2	2018	"GB"	635	1772	"m"	2020-11-27	164.5	1	2019	552.7	552.7	1023.3	3
"BH-01892"	2	2018	"GB"	635	1772	"m"	2020-11-27	164.5	2	2020	249.6	802.3	1023.3	3
"BH-01893"	3	2017	"GB"	650	NA	"m"	2020-11-10	225.2	1	2018	472.7	472.7	930.3	3
"BH-01893"	3	2017	"GB"	650	NA	"m"	2020-11-10	225.2	2	2019	123	595.7	930.3	3
"BH-01893"	3	2017	"GB"	650	NA	"m"	2020-11-10	225.2	3	2020	226.2	821.9	930.3	3
"BH-01897"	2	2018	"GB"	600	NA	"m"	2020-11-13	190.1	1	2019	584.8	584.8	1018.3	3
"BH-01897"	2	2018	"GB"	600	NA	"m"	2020-11-13	190.1	2	2020	237.5	822.3	1018.3	3
"BH-01898"	2	2018	"GB"	700	NA	"f"	2020-11-08	192.4	1	2019	626.7	626.7	1055.5	3
"BH-01898"	2	2018	"GB"	700	NA	"f"	2020-11-08	192.4	2	2020	230.5	857.2	1055.5	3
"BH-01899"	2	2018	"GB"	760	NA	"f"	2020-11-10	218.4	1	2019	477.7	477.7	892.5	3
"BH-01899"	2	2018	"GB"	760	NA	"f"	2020-11-10	218.4	2	2020	235.1	712.8	892.5	3
"BH-01900"	3	2017	"GB"	825	NA	"f"	2020-11-27	142.1	1	2018	519	519	1047.2	3
"BH-01900"	3	2017	"GB"	825	NA	"f"	2020-11-27	142.1	2	2019	247.7	766.7	1047.2	3
"BH-01900"	3	2017	"GB"	825	NA	"f"	2020-11-27	142.1	3	2020	280.5	1047.2	1047.2	3
"BH-01902"	2	2018	"GB"	500	NA	"m"	2020-11-01	270.8	1	2019	668.9	668.9	1095.7	3
"BH-01902"	2	2018	"GB"	500	NA	"m"	2020-11-01	270.8	2	2020	240.6	909.5	1095.7	3
"BH-01903"	1	2020	"GB"	439	596	"f"	2020-11-27	185.4	1	2021	629	629	629	3
"BH-01904"	1	2020	"GB"	404	474	"f"	2020-11-27	180.2	1	2021	730	730	730	3
"BH-01906"	13	2006	"SB"	1230	13600	"f"	2019-11-05	169.9	1	2007	353.1	353.1	2261.2	3
"BH-01906"	13	2006	"SB"	1230	13600	"f"	2019-11-05	169.9	2	2008	282.7	635.8	2261.2	3
"BH-01906"	13	2006	"SB"	1230	13600	"f"	2019-11-05	169.9	3	2009	143.8	779.6	2261.2	3
"BH-01906"	13	2006	"SB"	1230	13600	"f"	2019-11-05	169.9	4	2010	161.9	941.5	2261.2	3
"BH-01906"	13	2006	"SB"	1230	13600	"f"	2019-11-05	169.9	5	2011	152.8	1094.3	2261.2	3
"BH-01906"	13	2006	"SB"	1230	13600	"f"	2019-11-05	169.9	6	2012	146.6	1240.9	2261.2	3
"BH-01906"	13	2006	"SB"	1230	13600	"f"	2019-11-05	169.9	7	2013	132.7	1373.6	2261.2	3
"BH-01906"	13	2006	"SB"	1230	13600	"f"	2019-11-05	169.9	8	2014	117	1490.6	2261.2	3
"BH-01906"	13	2006	"SB"	1230	13600	"f"	2019-11-05	169.9	9	2015	106	1596.6	2261.2	3
"BH-01906"	13	2006	"SB"	1230	13600	"f"	2019-11-05	169.9	10	2016	99.8	1696.4	2261.2	3
"BH-01906"	13	2006	"SB"	1230	13600	"f"	2019-11-05	169.9	11	2017	138.6	1835	2261.2	3
"BH-01906"	13	2006	"SB"	1230	13600	"f"	2019-11-05	169.9	12	2018	96.5	1931.5	2261.2	3
"BH-01906"	13	2006	"SB"	1230	13600	"f"	2019-11-05	169.9	13	2019	123.7	2055.2	2261.2	3
"BH-01908"	9	2012	"GB"	876	NA	"f"	2021-01-30	166.2	1	2013	408.3	408.3	1744.5	3
"BH-01908"	9	2012	"GB"	876	NA	"f"	2021-01-30	166.2	2	2014	204.1	612.4	1744.5	3
"BH-01908"	9	2012	"GB"	876	NA	"f"	2021-01-30	166.2	3	2015	187.8	800.2	1744.5	3
"BH-01908"	9	2012	"GB"	876	NA	"f"	2021-01-30	166.2	4	2016	211.3	1011.5	1744.5	3
"BH-01908"	9	2012	"GB"	876	NA	"f"	2021-01-30	166.2	5	2017	182.3	1193.8	1744.5	3
"BH-01908"	9	2012	"GB"	876	NA	"f"	2021-01-30	166.2	6	2018	213.4	1407.2	1744.5	3
"BH-01908"	9	2012	"GB"	876	NA	"f"	2021-01-30	166.2	7	2019	123.1	1530.3	1744.5	3
"BH-01908"	9	2012	"GB"	876	NA	"f"	2021-01-30	166.2	8	2020	94.9	1625.2	1744.5	3
"BH-01908"	9	2012	"GB"	876	NA	"f"	2021-01-30	166.2	9	2021	119.3	1744.5	1744.5	3
"BH-01922"	12	2009	"KB"	1262	14600	"f"	2020-02-01	122.2	1	2010	349.2	349.2	1801.8	3
"BH-01922"	12	2009	"KB"	1262	14600	"f"	2020-02-01	122.2	2	2011	242.5	591.7	1801.8	3
"BH-01922"	12	2009	"KB"	1262	14600	"f"	2020-02-01	122.2	3	2012	187.3	779	1801.8	3
"BH-01922"	12	2009	"KB"	1262	14600	"f"	2020-02-01	122.2	4	2013	152.8	931.8	1801.8	3
"BH-01922"	12	2009	"KB"	1262	14600	"f"	2020-02-01	122.2	5	2014	161.8	1093.6	1801.8	3
"BH-01922"	12	2009	"KB"	1262	14600	"f"	2020-02-01	122.2	6	2015	147	1240.6	1801.8	3
"BH-01922"	12	2009	"KB"	1262	14600	"f"	2020-02-01	122.2	7	2016	121.5	1362.1	1801.8	3
"BH-01922"	12	2009	"KB"	1262	14600	"f"	2020-02-01	122.2	8	2017	124.8	1486.9	1801.8	3
"BH-01922"	12	2009	"KB"	1262	14600	"f"	2020-02-01	122.2	9	2018	105.7	1592.6	1801.8	3
"BH-01922"	12	2009	"KB"	1262	14600	"f"	2020-02-01	122.2	10	2019	95.1	1687.7	1801.8	3
"BH-01922"	12	2009	"KB"	1262	14600	"f"	2020-02-01	122.2	11	2020	67.7	1755.4	1801.8	3
"BH-01922"	12	2009	"KB"	1262	14600	"f"	2020-02-01	122.2	12	2021	46.4	1801.8	1801.8	3
"BH-51614"	9	2013	"Barthe"	885	4624	"f"	2022-04-14	104.4	1	2014	328.8	328.8	1748.6	3
"BH-51614"	9	2013	"Barthe"	885	4624	"f"	2022-04-14	104.4	2	2015	198.4	527.2	1748.6	3
"BH-51614"	9	2013	"Barthe"	885	4624	"f"	2022-04-14	104.4	3	2016	300.4	827.6	1748.6	3
"BH-51614"	9	2013	"Barthe"	885	4624	"f"	2022-04-14	104.4	4	2017	217.1	1044.7	1748.6	3
"BH-51614"	9	2013	"Barthe"	885	4624	"f"	2022-04-14	104.4	5	2018	150.2	1194.9	1748.6	3
"BH-51614"	9	2013	"Barthe"	885	4624	"f"	2022-04-14	104.4	6	2019	153.3	1348.2	1748.6	3
"BH-51614"	9	2013	"Barthe"	885	4624	"f"	2022-04-14	104.4	7	2020	140.1	1488.3	1748.6	3
"BH-51614"	9	2013	"Barthe"	885	4624	"f"	2022-04-14	104.4	8	2021	123	1611.3	1748.6	3
"BH-51614"	9	2013	"Barthe"	885	4624	"f"	2022-04-14	104.4	9	2022	137.3	1748.6	1748.6	3
"BH-90307"	7	2013	"SB"	900	4500	NA	2020-05-02	127	1	2014	383.3	383.3	1250.1	3
"BH-90307"	7	2013	"SB"	900	4500	NA	2020-05-02	127	2	2015	169.4	552.7	1250.1	3
"BH-90307"	7	2013	"SB"	900	4500	NA	2020-05-02	127	3	2016	197.7	750.4	1250.1	3
"BH-90307"	7	2013	"SB"	900	4500	NA	2020-05-02	127	4	2017	150.4	900.8	1250.1	3
"BH-90307"	7	2013	"SB"	900	4500	NA	2020-05-02	127	5	2018	114.6	1015.4	1250.1	3
"BH-90307"	7	2013	"SB"	900	4500	NA	2020-05-02	127	6	2019	117.1	1132.5	1250.1	3
"BH-90307"	7	2013	"SB"	900	4500	NA	2020-05-02	127	7	2020	117.6	1250.1	1250.1	3
"BH-90910"	5	2016	"NHG"	604	NA	"m"	2021-04-07	218.4	1	2017	486.8	486.8	1120.6	3
"BH-90910"	5	2016	"NHG"	604	NA	"m"	2021-04-07	218.4	2	2018	216.3	703.1	1120.6	3
"BH-90910"	5	2016	"NHG"	604	NA	"m"	2021-04-07	218.4	3	2019	160.2	863.3	1120.6	3
"BH-90910"	5	2016	"NHG"	604	NA	"m"	2021-04-07	218.4	4	2020	129.5	992.8	1120.6	3
"BH-90910"	5	2016	"NHG"	604	NA	"m"	2021-04-07	218.4	5	2021	127.8	1120.6	1120.6	3
"BH-90928"	3	2018	"Sehrowbach"	580	1470	"m"	2021-04-02	174.5	1	2019	376.2	376.2	893	3
"BH-90928"	3	2018	"Sehrowbach"	580	1470	"m"	2021-04-02	174.5	2	2020	265.7	641.9	893	3
"BH-90928"	3	2018	"Sehrowbach"	580	1470	"m"	2021-04-02	174.5	3	2021	251.1	893	893	3
"BH-90946"	6	2015	"Sehrowbach"	694	2564	"m"	2021-04-02	151.1	1	2016	409.7	409.7	1215.6	3
"BH-90946"	6	2015	"Sehrowbach"	694	2564	"m"	2021-04-02	151.1	2	2017	210.1	619.8	1215.6	3
"BH-90946"	6	2015	"Sehrowbach"	694	2564	"m"	2021-04-02	151.1	3	2018	205.9	825.7	1215.6	3
"BH-90946"	6	2015	"Sehrowbach"	694	2564	"m"	2021-04-02	151.1	4	2019	148.9	974.6	1215.6	3
"BH-90946"	6	2015	"Sehrowbach"	694	2564	"m"	2021-04-02	151.1	5	2020	123	1097.6	1215.6	3
"BH-90946"	6	2015	"Sehrowbach"	694	2564	"m"	2021-04-02	151.1	6	2021	118	1215.6	1215.6	3
"BH-90970"	6	2015	"Sehrowbach"	634	1688	"m"	2021-04-02	244.8	1	2016	337.4	337.4	1158.7	3
"BH-90970"	6	2015	"Sehrowbach"	634	1688	"m"	2021-04-02	244.8	2	2017	239.5	576.9	1158.7	3
"BH-90970"	6	2015	"Sehrowbach"	634	1688	"m"	2021-04-02	244.8	3	2018	167	743.9	1158.7	3
"BH-90970"	6	2015	"Sehrowbach"	634	1688	"m"	2021-04-02	244.8	4	2019	128.7	872.6	1158.7	3
"BH-90970"	6	2015	"Sehrowbach"	634	1688	"m"	2021-04-02	244.8	5	2020	136.9	1009.5	1158.7	3
"BH-90970"	6	2015	"Sehrowbach"	634	1688	"m"	2021-04-02	244.8	6	2021	149.2	1158.7	1158.7	3
"BH-90981"	6	2015	"Sehrowbach"	745	2798	"m"	2021-04-02	165.2	1	2016	419.1	419.1	1577.4	3
"BH-90981"	6	2015	"Sehrowbach"	745	2798	"m"	2021-04-02	165.2	2	2017	271.9	691	1577.4	3
"BH-90981"	6	2015	"Sehrowbach"	745	2798	"m"	2021-04-02	165.2	3	2018	189.8	880.8	1577.4	3
"BH-90981"	6	2015	"Sehrowbach"	745	2798	"m"	2021-04-02	165.2	4	2019	219.6	1100.4	1577.4	3
"BH-90981"	6	2015	"Sehrowbach"	745	2798	"m"	2021-04-02	165.2	5	2020	217.2	1317.6	1577.4	3
"BH-90981"	6	2015	"Sehrowbach"	745	2798	"m"	2021-04-02	165.2	6	2021	259.8	1577.4	1577.4	3
"BH-90997"	4	2017	"Badendycksgraben"	675	2258	"m"	2021-03-23	187.4	1	2018	573.7	573.7	1297.8	3
"BH-90997"	4	2017	"Badendycksgraben"	675	2258	"m"	2021-03-23	187.4	2	2019	467.8	1041.5	1297.8	3
"BH-90997"	4	2017	"Badendycksgraben"	675	2258	"m"	2021-03-23	187.4	3	2020	184.6	1226.1	1297.8	3
"BH-90997"	4	2017	"Badendycksgraben"	675	2258	"m"	2021-03-23	187.4	4	2021	71.7	1297.8	1297.8	3
"BH-91013"	3	2018	"Ziese"	739	3234	"f"	2021-04-01	175.9	1	2019	440.1	440.1	945.1	3
"BH-91013"	3	2018	"Ziese"	739	3234	"f"	2021-04-01	175.9	2	2020	215.7	655.8	945.1	3
"BH-91013"	3	2018	"Ziese"	739	3234	"f"	2021-04-01	175.9	3	2021	289.3	945.1	945.1	3
"BH-91045"	3	2018	"Ziese"	648	1564	"m"	2021-04-01	205.7	1	2019	573.5	573.5	1128	3
"BH-91045"	3	2018	"Ziese"	648	1564	"m"	2021-04-01	205.7	2	2020	265.6	839.1	1128	3
"BH-91045"	3	2018	"Ziese"	648	1564	"m"	2021-04-01	205.7	3	2021	288.9	1128	1128	3
"BH-91050"	5	2016	"Ziese"	732	2930	"m"	2021-04-01	186.8	1	2017	496.6	496.6	1153.7	3
"BH-91050"	5	2016	"Ziese"	732	2930	"m"	2021-04-01	186.8	2	2018	218.6	715.2	1153.7	3
"BH-91050"	5	2016	"Ziese"	732	2930	"m"	2021-04-01	186.8	3	2019	175.7	890.9	1153.7	3
"BH-91050"	5	2016	"Ziese"	732	2930	"m"	2021-04-01	186.8	4	2020	129.5	1020.4	1153.7	3
"BH-91050"	5	2016	"Ziese"	732	2930	"m"	2021-04-01	186.8	5	2021	133.3	1153.7	1153.7	3
"BH-91053"	3	2018	"Ziese"	674	2734	"f"	2021-04-01	168.6	1	2019	427.6	427.6	2210.3	3
"BH-91053"	3	2018	"Ziese"	674	2734	"f"	2021-04-01	252.4	1	2019	554.2	981.8	2210.3	3
"BH-91053"	3	2018	"Ziese"	674	2734	"f"	2021-04-01	168.6	2	2020	557.2	1539	2210.3	3
"BH-91053"	3	2018	"Ziese"	674	2734	"f"	2021-04-01	252.4	2	2020	225	1764	2210.3	3
"BH-91053"	3	2018	"Ziese"	674	2734	"f"	2021-04-01	168.6	3	2021	336.7	2100.7	2210.3	3
"BH-91053"	3	2018	"Ziese"	674	2734	"f"	2021-04-01	252.4	3	2021	109.6	2210.3	2210.3	3
"BH-91054"	5	2016	"Sehrowbach"	636	1766	"m"	2021-04-02	201.6	1	2017	340.9	340.9	1088.7	3
"BH-91054"	5	2016	"Sehrowbach"	636	1766	"m"	2021-04-02	201.6	2	2018	231.4	572.3	1088.7	3
"BH-91054"	5	2016	"Sehrowbach"	636	1766	"m"	2021-04-02	201.6	3	2019	175.9	748.2	1088.7	3
"BH-91054"	5	2016	"Sehrowbach"	636	1766	"m"	2021-04-02	201.6	4	2020	166	914.2	1088.7	3
"BH-91054"	5	2016	"Sehrowbach"	636	1766	"m"	2021-04-02	201.6	5	2021	174.5	1088.7	1088.7	3
"BH-91068"	5	2016	"Ziese"	860	4994	"f"	2021-04-01	86.4	1	2017	510.3	510.3	1291.5	3
"BH-91068"	5	2016	"Ziese"	860	4994	"f"	2021-04-01	86.4	2	2018	385.7	896	1291.5	3
"BH-91068"	5	2016	"Ziese"	860	4994	"f"	2021-04-01	86.4	3	2019	189.5	1085.5	1291.5	3
"BH-91068"	5	2016	"Ziese"	860	4994	"f"	2021-04-01	86.4	4	2020	111.8	1197.3	1291.5	3
"BH-91068"	5	2016	"Ziese"	860	4994	"f"	2021-04-01	86.4	5	2021	94.2	1291.5	1291.5	3
"BH-91117"	3	2018	"NHG"	555	1230	"f"	2021-04-07	142.4	1	2019	526.6	526.6	894.3	3
"BH-91117"	3	2018	"NHG"	555	1230	"f"	2021-04-07	142.4	2	2020	215.9	742.5	894.3	3
"BH-91117"	3	2018	"NHG"	555	1230	"f"	2021-04-07	142.4	3	2021	151.8	894.3	894.3	3
"BH-91328"	11	2010	"NHG"	1061	8290	"f"	2021-04-14	371.5	1	2011	431.5	431.5	1732.6	3
"BH-91328"	11	2010	"NHG"	1061	8290	"f"	2021-04-14	371.5	2	2012	214.8	646.3	1732.6	3
"BH-91328"	11	2010	"NHG"	1061	8290	"f"	2021-04-14	371.5	3	2013	140.4	786.7	1732.6	3
"BH-91328"	11	2010	"NHG"	1061	8290	"f"	2021-04-14	371.5	4	2014	135.2	921.9	1732.6	3
"BH-91328"	11	2010	"NHG"	1061	8290	"f"	2021-04-14	371.5	5	2015	145.3	1067.2	1732.6	3
"BH-91328"	11	2010	"NHG"	1061	8290	"f"	2021-04-14	371.5	6	2016	119.8	1187	1732.6	3
"BH-91328"	11	2010	"NHG"	1061	8290	"f"	2021-04-14	371.5	7	2017	128	1315	1732.6	3
"BH-91328"	11	2010	"NHG"	1061	8290	"f"	2021-04-14	371.5	8	2018	111.1	1426.1	1732.6	3
"BH-91328"	11	2010	"NHG"	1061	8290	"f"	2021-04-14	371.5	9	2019	95	1521.1	1732.6	3
"BH-91328"	11	2010	"NHG"	1061	8290	"f"	2021-04-14	371.5	10	2020	97.1	1618.2	1732.6	3
"BH-91328"	11	2010	"NHG"	1061	8290	"f"	2021-04-14	371.5	11	2021	79.8	1698	1732.6	3
"BH-91534"	2	2020	"Sehrowbach"	423	562	"f"	2022-03-29	206.4	1	2021	411.2	411.2	698.2	3
"BH-91534"	2	2020	"Sehrowbach"	423	562	"f"	2022-03-29	206.4	2	2022	287	698.2	698.2	3
"BH-91549"	2	2020	"Sehrowbach"	650	2070	"f"	2022-03-29	152.1	1	2021	713.5	713.5	1044.8	3
"BH-91549"	2	2020	"Sehrowbach"	650	2070	"f"	2022-03-29	152.1	2	2022	331.3	1044.8	1044.8	3
"BH-91570"	3	2019	"Sehrowbach"	558	1246	"m"	2022-03-29	215.9	1	2020	448.2	448.2	1036	3
"BH-91570"	3	2019	"Sehrowbach"	558	1246	"m"	2022-03-29	215.9	2	2021	200.5	648.7	1036	3
"BH-91570"	3	2019	"Sehrowbach"	558	1246	"m"	2022-03-29	215.9	3	2022	387.3	1036	1036	3
"BH-91571"	9	2013	"Barthe"	896	4962	"f"	2022-03-28	195.2	1	2014	352.3	352.3	1760.3	3
"BH-91571"	9	2013	"Barthe"	896	4962	"f"	2022-03-28	195.2	2	2015	158.6	510.9	1760.3	3
"BH-91571"	9	2013	"Barthe"	896	4962	"f"	2022-03-28	195.2	3	2016	135.1	646	1760.3	3
"BH-91571"	9	2013	"Barthe"	896	4962	"f"	2022-03-28	195.2	4	2017	221.4	867.4	1760.3	3
"BH-91571"	9	2013	"Barthe"	896	4962	"f"	2022-03-28	195.2	5	2018	251.2	1118.6	1760.3	3
"BH-91571"	9	2013	"Barthe"	896	4962	"f"	2022-03-28	195.2	6	2019	184.1	1302.7	1760.3	3
"BH-91571"	9	2013	"Barthe"	896	4962	"f"	2022-03-28	195.2	7	2020	162.8	1465.5	1760.3	3
"BH-91571"	9	2013	"Barthe"	896	4962	"f"	2022-03-28	195.2	8	2021	178.8	1644.3	1760.3	3
"BH-91571"	9	2013	"Barthe"	896	4962	"f"	2022-03-28	195.2	9	2022	116	1760.3	1760.3	3
"BH-91585"	6	2016	"Barthe"	815	3230	"f"	2022-03-28	194.7	1	2017	427.9	427.9	1517.6	3
"BH-91585"	6	2016	"Barthe"	815	3230	"f"	2022-03-28	194.7	2	2018	349.8	777.7	1517.6	3
"BH-91585"	6	2016	"Barthe"	815	3230	"f"	2022-03-28	194.7	3	2019	244.3	1022	1517.6	3
"BH-91585"	6	2016	"Barthe"	815	3230	"f"	2022-03-28	194.7	4	2020	166	1188	1517.6	3
"BH-91585"	6	2016	"Barthe"	815	3230	"f"	2022-03-28	194.7	5	2021	172.4	1360.4	1517.6	3
"BH-91585"	6	2016	"Barthe"	815	3230	"f"	2022-03-28	194.7	6	2022	157.2	1517.6	1517.6	3
"BH-91588"	4	2018	"Barthe"	615	1372	"m"	2022-03-28	106.6	1	2019	512.9	512.9	1223	3
"BH-91588"	4	2018	"Barthe"	615	1372	"m"	2022-03-28	106.6	2	2020	270.8	783.7	1223	3
"BH-91588"	4	2018	"Barthe"	615	1372	"m"	2022-03-28	106.6	3	2021	204.5	988.2	1223	3
"BH-91588"	4	2018	"Barthe"	615	1372	"m"	2022-03-28	106.6	4	2022	234.8	1223	1223	3
"BH-92990"	6	2016	"Barthe"	802	3152	"f"	2022-04-14	195.8	1	2017	627.6	627.6	1606	3
"BH-92990"	6	2016	"Barthe"	802	3152	"f"	2022-04-14	195.8	2	2018	241.7	869.3	1606	3
"BH-92990"	6	2016	"Barthe"	802	3152	"f"	2022-04-14	195.8	3	2019	205.7	1075	1606	3
"BH-92990"	6	2016	"Barthe"	802	3152	"f"	2022-04-14	195.8	4	2020	186.1	1261.1	1606	3
"BH-92990"	6	2016	"Barthe"	802	3152	"f"	2022-04-14	195.8	5	2021	184.5	1445.6	1606	3
"BH-92990"	6	2016	"Barthe"	802	3152	"f"	2022-04-14	195.8	6	2022	160.4	1606	1606	3
"BH-92993"	3	2019	"Sehrowbach"	680	2560	"f"	2022-04-13	133.4	1	2020	546	546	1101.1	3
"BH-92993"	3	2019	"Sehrowbach"	680	2560	"f"	2022-04-13	133.4	2	2021	195.8	741.8	1101.1	3
"BH-92993"	3	2019	"Sehrowbach"	680	2560	"f"	2022-04-13	133.4	3	2022	359.3	1101.1	1101.1	3
"BH-92996"	2	2020	"Sehrowbach"	665	1966	"f"	2022-04-13	173.9	1	2021	901	901	1375	3
"BH-92996"	2	2020	"Sehrowbach"	665	1966	"f"	2022-04-13	173.9	2	2022	474	1375	1375	3
"BH-93002"	3	2019	"Sehrowbach"	686	2366	"f"	2022-04-11	172.8	1	2020	379.2	379.2	1153.5	3
"BH-93002"	3	2019	"Sehrowbach"	686	2366	"f"	2022-04-11	172.8	2	2021	387.9	767.1	1153.5	3
"BH-93002"	3	2019	"Sehrowbach"	686	2366	"f"	2022-04-11	172.8	3	2022	386.4	1153.5	1153.5	3
"BH-93003"	10	2012	"Barthe"	877	4840	"f"	2022-04-14	131.8	1	2013	339.6	339.6	1716.3	3
"BH-93003"	10	2012	"Barthe"	877	4840	"f"	2022-04-14	131.8	2	2014	268.8	608.4	1716.3	3
"BH-93003"	10	2012	"Barthe"	877	4840	"f"	2022-04-14	131.8	3	2015	165.3	773.7	1716.3	3
"BH-93003"	10	2012	"Barthe"	877	4840	"f"	2022-04-14	131.8	4	2016	172.2	945.9	1716.3	3
"BH-93003"	10	2012	"Barthe"	877	4840	"f"	2022-04-14	131.8	5	2017	159.1	1105	1716.3	3
"BH-93003"	10	2012	"Barthe"	877	4840	"f"	2022-04-14	131.8	6	2018	170.9	1275.9	1716.3	3
"BH-93003"	10	2012	"Barthe"	877	4840	"f"	2022-04-14	131.8	7	2019	153.5	1429.4	1716.3	3
"BH-93003"	10	2012	"Barthe"	877	4840	"f"	2022-04-14	131.8	8	2020	125.7	1555.1	1716.3	3
"BH-93003"	10	2012	"Barthe"	877	4840	"f"	2022-04-14	131.8	9	2021	79.9	1635	1716.3	3
"BH-93003"	10	2012	"Barthe"	877	4840	"f"	2022-04-14	131.8	10	2022	81.3	1716.3	1716.3	3
"BH-93005"	3	2019	"Sehrowbach"	765	3200	"f"	2022-04-13	143.9	1	2020	484.5	484.5	1050.4	3
"BH-93005"	3	2019	"Sehrowbach"	765	3200	"f"	2022-04-13	143.9	2	2021	250.8	735.3	1050.4	3
"BH-93005"	3	2019	"Sehrowbach"	765	3200	"f"	2022-04-13	143.9	3	2022	315.1	1050.4	1050.4	3
"BH-93007"	6	2016	"Barthe"	878	4354	"f"	2022-04-14	256.7	1	2017	418.5	418.5	1708.9	3
"BH-93007"	6	2016	"Barthe"	878	4354	"f"	2022-04-14	256.7	2	2018	287.1	705.6	1708.9	3
"BH-93007"	6	2016	"Barthe"	878	4354	"f"	2022-04-14	256.7	3	2019	392	1097.6	1708.9	3
"BH-93007"	6	2016	"Barthe"	878	4354	"f"	2022-04-14	256.7	4	2020	171	1268.6	1708.9	3
"BH-93007"	6	2016	"Barthe"	878	4354	"f"	2022-04-14	256.7	5	2021	215.2	1483.8	1708.9	3
"BH-93007"	6	2016	"Barthe"	878	4354	"f"	2022-04-14	256.7	6	2022	225.1	1708.9	1708.9	3
"BH-93015"	2	2020	"Sehrowbach"	652	1702	"f"	2022-04-13	220.7	1	2021	609.6	609.6	910.9	3
"BH-93015"	2	2020	"Sehrowbach"	652	1702	"f"	2022-04-13	220.7	2	2022	301.3	910.9	910.9	3
"BH-93047"	4	2018	"Barthe"	702	2166	"f"	2022-04-12	371	1	2019	650	650	1445.5	3
"BH-93047"	4	2018	"Barthe"	702	2166	"f"	2022-04-12	371	2	2020	348.5	998.5	1445.5	3
"BH-93047"	4	2018	"Barthe"	702	2166	"f"	2022-04-12	371	3	2021	226.5	1225	1445.5	3
"BH-93047"	4	2018	"Barthe"	702	2166	"f"	2022-04-12	371	4	2022	220.5	1445.5	1445.5	3
"BH-93048"	4	2018	"Barthe"	730	2734	"f"	2022-04-12	123.6	1	2019	594.5	594.5	1322.6	3
"BH-93048"	4	2018	"Barthe"	730	2734	"f"	2022-04-12	123.6	2	2020	245.6	840.1	1322.6	3
"BH-93048"	4	2018	"Barthe"	730	2734	"f"	2022-04-12	123.6	3	2021	242.6	1082.7	1322.6	3
"BH-93048"	4	2018	"Barthe"	730	2734	"f"	2022-04-12	123.6	4	2022	239.9	1322.6	1322.6	3
"BH-93066"	2	2020	"Barthe"	520	842	"m"	2022-04-14	135.2	1	2021	471.8	471.8	738.9	3
"BH-93066"	2	2020	"Barthe"	520	842	"m"	2022-04-14	135.2	2	2022	267.1	738.9	738.9	3
"BH-93071"	8	2014	"Barthe"	854	NA	"f"	2022-04-12	158.2	1	2015	362.7	362.7	1701.8	3
"BH-93071"	8	2014	"Barthe"	854	NA	"f"	2022-04-12	158.2	2	2016	311.1	673.8	1701.8	3
"BH-93071"	8	2014	"Barthe"	854	NA	"f"	2022-04-12	158.2	3	2017	259.6	933.4	1701.8	3
"BH-93071"	8	2014	"Barthe"	854	NA	"f"	2022-04-12	158.2	4	2018	146.1	1079.5	1701.8	3
"BH-93071"	8	2014	"Barthe"	854	NA	"f"	2022-04-12	158.2	5	2019	165.2	1244.7	1701.8	3
"BH-93071"	8	2014	"Barthe"	854	NA	"f"	2022-04-12	158.2	6	2020	128.8	1373.5	1701.8	3
"BH-93071"	8	2014	"Barthe"	854	NA	"f"	2022-04-12	158.2	7	2021	145.8	1519.3	1701.8	3
"BH-93071"	8	2014	"Barthe"	854	NA	"f"	2022-04-12	158.2	8	2022	182.5	1701.8	1701.8	3
"BH-93097"	3	2019	"Barthe"	636	1756	"m"	2022-04-14	149.3	1	2020	572.2	572.2	1255.6	3
"BH-93097"	3	2019	"Barthe"	636	1756	"m"	2022-04-14	149.3	2	2021	462.7	1034.9	1255.6	3
"BH-93097"	3	2019	"Barthe"	636	1756	"m"	2022-04-14	149.3	3	2022	220.7	1255.6	1255.6	3
"BH-93109"	9	2013	"Barthe"	732	2256	"m"	2022-04-12	233	1	2014	447.2	447.2	1774.8	3
"BH-93109"	9	2013	"Barthe"	732	2256	"m"	2022-04-12	233	2	2015	226.1	673.3	1774.8	3
"BH-93109"	9	2013	"Barthe"	732	2256	"m"	2022-04-12	233	3	2016	212.7	886	1774.8	3
"BH-93109"	9	2013	"Barthe"	732	2256	"m"	2022-04-12	233	4	2017	179	1065	1774.8	3
"BH-93109"	9	2013	"Barthe"	732	2256	"m"	2022-04-12	233	5	2018	146.6	1211.6	1774.8	3
"BH-93109"	9	2013	"Barthe"	732	2256	"m"	2022-04-12	233	6	2019	152.6	1364.2	1774.8	3
"BH-93109"	9	2013	"Barthe"	732	2256	"m"	2022-04-12	233	7	2020	125.8	1490	1774.8	3
"BH-93109"	9	2013	"Barthe"	732	2256	"m"	2022-04-12	233	8	2021	121.2	1611.2	1774.8	3
"BH-93109"	9	2013	"Barthe"	732	2256	"m"	2022-04-12	233	9	2022	163.6	1774.8	1774.8	3
"BH-93114"	4	2018	"Barthe"	618	1740	"m"	2022-04-14	132.8	1	2019	471.8	471.8	1180.8	3
"BH-93114"	4	2018	"Barthe"	618	1740	"m"	2022-04-14	132.8	2	2020	291.4	763.2	1180.8	3
"BH-93114"	4	2018	"Barthe"	618	1740	"m"	2022-04-14	132.8	3	2021	232.8	996	1180.8	3
"BH-93114"	4	2018	"Barthe"	618	1740	"m"	2022-04-14	132.8	4	2022	184.8	1180.8	1180.8	3
"BH-93116"	2	2020	"Barthe"	563	1030	"f"	2022-04-14	130.2	1	2021	597.5	597.5	889.6	3
"BH-93116"	2	2020	"Barthe"	563	1030	"f"	2022-04-14	130.2	2	2022	292.1	889.6	889.6	3
"BH-93132"	9	2013	"Barthe"	862	4632	"f"	2022-04-14	166.6	1	2014	407.5	407.5	1889.3	3
"BH-93132"	9	2013	"Barthe"	862	4632	"f"	2022-04-14	166.6	2	2015	182.2	589.7	1889.3	3
"BH-93132"	9	2013	"Barthe"	862	4632	"f"	2022-04-14	166.6	3	2016	232.8	822.5	1889.3	3
"BH-93132"	9	2013	"Barthe"	862	4632	"f"	2022-04-14	166.6	4	2017	221.1	1043.6	1889.3	3
"BH-93132"	9	2013	"Barthe"	862	4632	"f"	2022-04-14	166.6	5	2018	209.6	1253.2	1889.3	3
"BH-93132"	9	2013	"Barthe"	862	4632	"f"	2022-04-14	166.6	6	2019	183.3	1436.5	1889.3	3
"BH-93132"	9	2013	"Barthe"	862	4632	"f"	2022-04-14	166.6	7	2020	157.7	1594.2	1889.3	3
"BH-93132"	9	2013	"Barthe"	862	4632	"f"	2022-04-14	166.6	8	2021	144.8	1739	1889.3	3
"BH-93132"	9	2013	"Barthe"	862	4632	"f"	2022-04-14	166.6	9	2022	150.3	1889.3	1889.3	3
"BH-93143"	3	2019	"Sehrowbach"	675	2232	"f"	2022-04-13	154.6	1	2020	374	374	1098	3
"BH-93143"	3	2019	"Sehrowbach"	675	2232	"f"	2022-04-13	154.6	2	2021	309.3	683.3	1098	3
"BH-93143"	3	2019	"Sehrowbach"	675	2232	"f"	2022-04-13	154.6	3	2022	414.7	1098	1098	3
"BH-93152"	2	2020	"Sehrowbach"	632	1540	"f"	2022-04-13	315.8	1	2021	692.7	692.7	1077.3	3
"BH-93152"	2	2020	"Sehrowbach"	632	1540	"f"	2022-04-13	315.8	2	2022	384.6	1077.3	1077.3	3
"BH-93170"	9	2013	"Sehrowbach"	733	2730	"m"	2022-04-13	112.5	1	2014	444.1	444.1	1595.9	3
"BH-93170"	9	2013	"Sehrowbach"	733	2730	"m"	2022-04-13	112.5	2	2015	123.7	567.8	1595.9	3
"BH-93170"	9	2013	"Sehrowbach"	733	2730	"m"	2022-04-13	112.5	3	2016	171.3	739.1	1595.9	3
"BH-93170"	9	2013	"Sehrowbach"	733	2730	"m"	2022-04-13	112.5	4	2017	241.5	980.6	1595.9	3
"BH-93170"	9	2013	"Sehrowbach"	733	2730	"m"	2022-04-13	112.5	5	2018	160.4	1141	1595.9	3
"BH-93170"	9	2013	"Sehrowbach"	733	2730	"m"	2022-04-13	112.5	6	2019	157.8	1298.8	1595.9	3
"BH-93170"	9	2013	"Sehrowbach"	733	2730	"m"	2022-04-13	112.5	7	2020	113.1	1411.9	1595.9	3
"BH-93170"	9	2013	"Sehrowbach"	733	2730	"m"	2022-04-13	112.5	8	2021	102.4	1514.3	1595.9	3
"BH-93170"	9	2013	"Sehrowbach"	733	2730	"m"	2022-04-13	112.5	9	2022	81.6	1595.9	1595.9	3
"BH-93172"	3	2019	"Sehrowbach"	745	44	"f"	2022-04-13	239.7	1	2020	709.7	709.7	1409.6	3
"BH-93172"	3	2019	"Sehrowbach"	745	44	"f"	2022-04-13	239.7	2	2021	343.5	1053.2	1409.6	3
"BH-93172"	3	2019	"Sehrowbach"	745	44	"f"	2022-04-13	239.7	3	2022	356.4	1409.6	1409.6	3
"BH-93178"	2	2020	"Barthe"	604	1490	"f"	2022-04-14	175.7	1	2021	693	693	1078.6	3
"BH-93178"	2	2020	"Barthe"	604	1490	"f"	2022-04-14	175.7	2	2022	385.6	1078.6	1078.6	3
