Sample	Quality	Age	Cohort	Core	I	Year	Increment	X	Y
01-BH-01758	3	7	2013	171.8	core			128	2232
01-BH-01758	3	7	2013	171.8	1	2014	435.1	1024	2306
01-BH-01758	3	7	2013	171.8	2	2015	388.5	1824	2372
01-BH-01758	3	7	2013	171.8	3	2016	147.6	2128	2397
01-BH-01758	3	7	2013	171.8	4	2017	132.0	2399	2419
01-BH-01758	3	7	2013	171.8	5	2018	140.1	2688	2443
01-BH-01758	3	7	2013	171.8	6	2019	107.1	2908	2461
01-BH-01758	3	7	2013	171.8	7	2020	79.6	3072	2475
01-BH-01758	3	7	2013	171.8	edge		31.0	3136	2480
02-BH-01713	3	7	2013	211.6	core			160	2772
02-BH-01713	3	7	2013	211.6	1	2014	656.1	1084	1781
02-BH-01713	3	7	2013	211.6	2	2015	233.0	1413	1429
02-BH-01713	3	7	2013	211.6	3	2016	182.3	1670	1153
02-BH-01713	3	7	2013	211.6	4	2017	178.1	1921	884
02-BH-01713	3	7	2013	211.6	5	2018	167.1	2156	632
02-BH-01713	3	7	2013	211.6	6	2019	124.0	2331	444
02-BH-01713	3	7	2013	211.6	7	2020	108.8	2484	280
02-BH-01713	3	7	2013	211.6	edge		0.0	2484	280
03-BH-01719	3	1	2018	120.1	core			102	1394
03-BH-01719	3	1	2018	120.1	1	2019	595.0	1066	632
03-BH-01719	3	1	2018	120.1	edge		230.7	1440	336
04-BH-00670	3	4	2015	147.6	core			82	2440
04-BH-00670	3	4	2015	147.6	1	2016	512.9	1123	2639
04-BH-00670	3	4	2015	147.6	2	2017	260.9	1652	2740
04-BH-00670	3	4	2015	147.6	3	2018	229.3	2117	2829
04-BH-00670	3	4	2015	147.6	4	2019	217.0	2558	2913
04-BH-00670	3	4	2015	147.6	edge		147.5	2857	2970
05-BH-01812	3	7	2012	187.0	core			132	2559
05-BH-01812	3	7	2012	187.0	1	2013	421.5	911	2170
05-BH-01812	3	7	2012	187.0	2	2014	211.7	1302	1975
05-BH-01812	3	7	2012	187.0	3	2015	213.0	1696	1778
05-BH-01812	3	7	2012	187.0	4	2016	292.3	2236	1509
05-BH-01812	3	7	2012	187.0	5	2017	133.8	2484	1385
05-BH-01812	3	7	2012	187.0	6	2018	139.0	2741	1257
05-BH-01812	3	7	2012	187.0	7	2019	113.0	2950	1153
05-BH-01812	3	7	2012	187.0	edge		124.7	3180	1038
06-BH-01867	3	6	2013	236.2	core			366	2312
06-BH-01867	3	6	2013	236.2	1	2014	464.2	1165	1781
06-BH-01867	3	6	2013	236.2	2	2015	226.1	1553	1522
06-BH-01867	3	6	2013	236.2	3	2016	204.4	1905	1288
06-BH-01867	3	6	2013	236.2	4	2017	221.3	2285	1035
06-BH-01867	3	6	2013	236.2	5	2018	152.8	2548	860
06-BH-01867	3	6	2013	236.2	6	2019	84.4	2693	763
06-BH-01867	3	6	2013	236.2	edge		95.9	2858	653
07-BH-01814	3	6	2014	180.1	core			345	2371
07-BH-01814	3	6	2014	180.1	1	2015	326.3	941	2055
07-BH-01814	3	6	2014	180.1	2	2016	262.4	1420	1802
07-BH-01814	3	6	2014	180.1	3	2017	282.1	1935	1529
07-BH-01814	3	6	2014	180.1	4	2018	272.7	2432	1265
07-BH-01814	3	6	2014	180.1	5	2019	211.8	2819	1060
07-BH-01814	3	6	2014	180.1	6	2020	203.1	3190	864
07-BH-01814	3	6	2014	180.1	edge		0.0	3190	864
08-BH-01789	3	3	2017	141.7	core			426	1312
08-BH-01789	3	3	2017	141.7	1	2018	318.1	993	980
08-BH-01789	3	3	2017	141.7	2	2019	225.2	1394	745
08-BH-01789	3	3	2017	141.7	3	2020	254.5	1848	479
08-BH-01789	3	3	2017	141.7	edge		0.0	1848	479
09-BH-00732	3	1	2018	172.3	core			514	1060
09-BH-00732	3	1	2018	172.3	1	2019	510.0	1499	686
09-BH-00732	3	1	2018	172.3	edge		256.8	1995	498
1-BH-91054	3	5	2016	201.6	core			329	1468
1-BH-91054	3	5	2016	201.6	1	2017	340.9	1017	1316
1-BH-91054	3	5	2016	201.6	2	2018	231.4	1483	1213
1-BH-91054	3	5	2016	201.6	3	2019	175.9	1838	1135
1-BH-91054	3	5	2016	201.6	4	2020	166.0	2173	1061
1-BH-91054	3	5	2016	201.6	5	2021	174.5	2525	983
1-BH-91054	3	5	2016	201.6	edge		0.0	2525	983
10-BH-01731	3	9	2011	147.3	core			198	2828
10-BH-01731	3	9	2011	147.3	1	2012	462.1	1150	2898
10-BH-01731	3	9	2011	147.3	2	2013	201.9	1566	2929
10-BH-01731	3	9	2011	147.3	3	2014	157.0	1890	2952
10-BH-01731	3	9	2011	147.3	4	2015	148.0	2195	2975
10-BH-01731	3	9	2011	147.3	5	2016	124.5	2451	2994
10-BH-01731	3	9	2011	147.3	6	2017	164.0	2789	3019
10-BH-01731	3	9	2011	147.3	7	2018	161.5	3122	3043
10-BH-01731	3	9	2011	147.3	8	2019	155.1	3442	3067
10-BH-01731	3	9	2011	147.3	9	2020	178.4	3809	3094
10-BH-01731	3	9	2011	147.3	edge		0.0	3809	3094
11-BH-01819	3	4	2016	106.1	core			166	2016
11-BH-01819	3	4	2016	106.1	1	2017	396.1	776	1470
11-BH-01819	3	4	2016	106.1	2	2018	371.2	1347	959
11-BH-01819	3	4	2016	106.1	3	2019	148.7	1576	754
11-BH-01819	3	4	2016	106.1	4	2020	272.0	1994	379
11-BH-01819	3	4	2016	106.1	edge		0.0	1994	379
12-BH-01855	3	8	2012	142.9	core			721	2305
12-BH-01855	3	8	2012	142.9	1	2013	376.8	1412	1946
12-BH-01855	3	8	2012	142.9	2	2014	246.1	1863	1711
12-BH-01855	3	8	2012	142.9	3	2015	156.2	2149	1563
12-BH-01855	3	8	2012	142.9	4	2016	156.2	2436	1414
12-BH-01855	3	8	2012	142.9	5	2017	136.2	2685	1284
12-BH-01855	3	8	2012	142.9	6	2018	170.0	2997	1122
12-BH-01855	3	8	2012	142.9	7	2019	104.7	3189	1022
12-BH-01855	3	8	2012	142.9	8	2020	120.5	3410	907
12-BH-01855	3	8	2012	142.9	edge		81.1	3558	830
13-BH-01869	3	3	2016	239.5	core			385	1722
13-BH-01869	3	3	2016	239.5	1	2017	518.7	1265	1110
13-BH-01869	3	3	2016	239.5	2	2018	187.8	1583	889
13-BH-01869	3	3	2016	239.5	3	2019	158.5	1852	702
13-BH-01869	3	3	2016	239.5	edge		242.7	2264	416
14-BH-01906	3	13	2006	169.9	core			24	3133
14-BH-01906	3	13	2006	169.9	1	2007	353.1	745	3245
14-BH-01906	3	13	2006	169.9	2	2008	282.7	1322	3334
14-BH-01906	3	13	2006	169.9	3	2009	143.8	1615	3379
14-BH-01906	3	13	2006	169.9	4	2010	161.9	1946	3431
14-BH-01906	3	13	2006	169.9	5	2011	152.8	2258	3479
14-BH-01906	3	13	2006	169.9	6	2012	146.6	2557	3525
14-BH-01906	3	13	2006	169.9	7	2013	132.7	2828	3567
14-BH-01906	3	13	2006	169.9	8	2014	117.0	3067	3604
14-BH-01906	3	13	2006	169.9	9	2015	106.0	3283	3638
14-BH-01906	3	13	2006	169.9	10	2016	99.8	3487	3669
14-BH-01906	3	13	2006	169.9	11	2017	138.6	3770	3713
14-BH-01906	3	13	2006	169.9	12	2018	96.5	3967	3744
14-BH-01906	3	13	2006	169.9	13	2019	123.7	4219	3783
14-BH-01906	3	13	2006	169.9	edge		206.0	4640	3848
15-BH-01835	3	7	2013	144.6	core			140	1478
15-BH-01835	3	7	2013	144.6	1	2014	410.2	964	1280
15-BH-01835	3	7	2013	144.6	2	2015	263.5	1493	1152
15-BH-01835	3	7	2013	144.6	3	2016	152.1	1799	1079
15-BH-01835	3	7	2013	144.6	4	2017	192.5	2185	986
15-BH-01835	3	7	2013	144.6	5	2018	104.3	2395	936
15-BH-01835	3	7	2013	144.6	6	2019	92.0	2580	891
15-BH-01835	3	7	2013	144.6	7	2020	147.0	2875	820
15-BH-01835	3	7	2013	144.6	edge		-0.0	2875	820
16-BH-01803	3	4	2015	111.3	core			410	1823
16-BH-01803	3	4	2015	111.3	1	2016	314.1	967	1490
16-BH-01803	3	4	2015	111.3	2	2017	186.0	1297	1293
16-BH-01803	3	4	2015	111.3	3	2018	206.6	1663	1074
16-BH-01803	3	4	2015	111.3	4	2019	203.2	2023	858
16-BH-01803	3	4	2015	111.3	edge		183.3	2348	664
17-BH-01809	3	3	2017	125.6	core			317	1275
17-BH-01809	3	3	2017	125.6	1	2018	411.7	1131	1519
17-BH-01809	3	3	2017	125.6	2	2019	120.5	1370	1590
17-BH-01809	3	3	2017	125.6	3	2020	228.5	1822	1726
17-BH-01809	3	3	2017	125.6	edge		-0.0	1822	1726
18-BH-01737	3	8	2012	224.9	core			42	2818
18-BH-01737	3	8	2012	224.9	1	2013	430.6	606	2130
18-BH-01737	3	8	2012	224.9	2	2014	194.1	860	1819
18-BH-01737	3	8	2012	224.9	3	2015	249.1	1186	1421
18-BH-01737	3	8	2012	224.9	4	2016	163.7	1400	1160
18-BH-01737	3	8	2012	224.9	5	2017	143.9	1588	930
18-BH-01737	3	8	2012	224.9	6	2018	120.6	1746	737
18-BH-01737	3	8	2012	224.9	7	2019	94.8	1870	585
18-BH-01737	3	8	2012	224.9	8	2020	47.2	1932	510
18-BH-01737	3	8	2012	224.9	edge		-0.0	1932	510
19-BH-90307	3	7	2013	127.0	core			774	2163
19-BH-90307	3	7	2013	127.0	1	2014	383.3	1453	1755
19-BH-90307	3	7	2013	127.0	2	2015	169.4	1753	1575
19-BH-90307	3	7	2013	127.0	3	2016	197.7	2103	1365
19-BH-90307	3	7	2013	127.0	4	2017	150.4	2370	1205
19-BH-90307	3	7	2013	127.0	5	2018	114.6	2572	1083
19-BH-90307	3	7	2013	127.0	6	2019	117.1	2780	959
19-BH-90307	3	7	2013	127.0	7	2020	117.6	2988	834
19-BH-90307	3	7	2013	127.0	edge		-0.0	2988	834
2-BH-91068	3	5	2016	86.4	core			27	1275
2-BH-91068	3	5	2016	86.4	1	2017	510.3	1035	967
2-BH-91068	3	5	2016	86.4	2	2018	385.7	1797	735
2-BH-91068	3	5	2016	86.4	3	2019	189.5	2172	621
2-BH-91068	3	5	2016	86.4	4	2020	111.8	2393	554
2-BH-91068	3	5	2016	86.4	5	2021	94.2	2579	497
2-BH-91068	3	5	2016	86.4	edge		0.0	2579	497
20-BH-01802	3	3	2017	109.6	core			678	1449
20-BH-01802	3	3	2017	109.6	1	2018	450.2	1550	1124
20-BH-01802	3	3	2017	109.6	2	2019	218.0	1972	967
20-BH-01802	3	3	2017	109.6	3	2020	158.2	2278	853
20-BH-01802	3	3	2017	109.6	edge		168.4	2604	732
21-BH-01868	3	10	2010	212.3	core			689	2723
21-BH-01868	3	10	2010	212.3	1	2011	387.6	1382	2321
21-BH-01868	3	10	2010	212.3	2	2012	246.2	1821	2065
21-BH-01868	3	10	2010	212.3	3	2013	128.0	2050	1933
21-BH-01868	3	10	2010	212.3	4	2014	148.8	2316	1778
21-BH-01868	3	10	2010	212.3	5	2015	152.3	2588	1620
21-BH-01868	3	10	2010	212.3	6	2016	107.1	2779	1509
21-BH-01868	3	10	2010	212.3	7	2017	95.8	2950	1410
21-BH-01868	3	10	2010	212.3	8	2018	51.8	3043	1356
21-BH-01868	3	10	2010	212.3	9	2019	132.5	3280	1218
21-BH-01868	3	10	2010	212.3	10	2020	102.5	3463	1112
21-BH-01868	3	10	2010	212.3	edge		0.0	3463	1112
22-BH-01860	3	7	2013	205.7	core			348	2660
22-BH-01860	3	7	2013	205.7	1	2014	455.5	1187	2234
22-BH-01860	3	7	2013	205.7	2	2015	263.7	1673	1987
22-BH-01860	3	7	2013	205.7	3	2016	248.1	2130	1755
22-BH-01860	3	7	2013	205.7	4	2017	210.4	2517	1559
22-BH-01860	3	7	2013	205.7	5	2018	123.4	2745	1443
22-BH-01860	3	7	2013	205.7	6	2019	139.0	3001	1313
22-BH-01860	3	7	2013	205.7	7	2020	176.6	3326	1148
22-BH-01860	3	7	2013	205.7	edge		0.0	3326	1148
23-BH-01738	3	7	2012	233.9	core			1020	2284
23-BH-01738	3	7	2012	233.9	1	2013	430.9	1718	1731
23-BH-01738	3	7	2012	233.9	2	2014	200.2	2042	1474
23-BH-01738	3	7	2012	233.9	3	2015	250.1	2447	1154
23-BH-01738	3	7	2012	233.9	4	2016	158.5	2704	950
23-BH-01738	3	7	2012	233.9	5	2017	130.9	2916	783
23-BH-01738	3	7	2012	233.9	6	2018	113.1	3099	637
23-BH-01738	3	7	2012	233.9	7	2019	118.1	3290	486
23-BH-01738	3	7	2012	233.9	edge		0.0	3290	486
3-BH-91117	3	3	2018	142.4	core			1122	1638
3-BH-91117	3	3	2018	142.4	1	2019	526.6	2070	1105
3-BH-91117	3	3	2018	142.4	2	2020	215.9	2459	886
3-BH-91117	3	3	2018	142.4	3	2021	151.8	2732	732
3-BH-91117	3	3	2018	142.4	edge		-0.0	2732	732
31-BH-00696	3	4	2016	125.6	core			822	1777
31-BH-00696	3	4	2016	125.6	1	2017	499.4	1678	1201
31-BH-00696	3	4	2016	125.6	2	2018	203.5	2027	967
31-BH-00696	3	4	2016	125.6	3	2019	184.2	2343	755
31-BH-00696	3	4	2016	125.6	4	2020	155.1	2609	576
31-BH-00696	3	4	2016	125.6	edge		0.0	2609	576
32-BH-01582	3	7	2013	124.8	core			610	1860
32-BH-01582	3	7	2013	124.8	1	2014	434.6	1470	1601
32-BH-01582	3	7	2013	124.8	2	2015	245.4	1955	1455
32-BH-01582	3	7	2013	124.8	3	2016	208.6	2368	1330
32-BH-01582	3	7	2013	124.8	4	2017	163.3	2691	1233
32-BH-01582	3	7	2013	124.8	5	2018	117.7	2923	1163
32-BH-01582	3	7	2013	124.8	6	2019	116.8	3155	1093
32-BH-01582	3	7	2013	124.8	7	2020	136.2	3424	1012
32-BH-01582	3	7	2013	124.8	edge		-0.0	3424	1012
33-BH-01560	3	7	2013	167.5	core			555	2208
33-BH-01560	3	7	2013	167.5	1	2014	521.2	1577	1868
33-BH-01560	3	7	2013	167.5	2	2015	203.0	1975	1736
33-BH-01560	3	7	2013	167.5	3	2016	173.6	2315	1623
33-BH-01560	3	7	2013	167.5	4	2017	167.2	2643	1514
33-BH-01560	3	7	2013	167.5	5	2018	160.7	2958	1410
33-BH-01560	3	7	2013	167.5	6	2019	113.0	3179	1336
33-BH-01560	3	7	2013	167.5	7	2020	107.5	3390	1266
33-BH-01560	3	7	2013	167.5	edge		0.0	3390	1266
35-BH-01846	3	12	2008	90.1	core			297	3372
35-BH-01846	3	12	2008	90.1	1	2009	563.6	1454	3498
35-BH-01846	3	12	2008	90.1	2	2010	232.8	1932	3551
35-BH-01846	3	12	2008	90.1	3	2011	122.8	2184	3578
35-BH-01846	3	12	2008	90.1	4	2012	109.6	2410	3603
35-BH-01846	3	12	2008	90.1	5	2013	135.9	2689	3633
35-BH-01846	3	12	2008	90.1	6	2014	210.4	3121	3680
35-BH-01846	3	12	2008	90.1	7	2015	138.4	3405	3711
35-BH-01846	3	12	2008	90.1	8	2016	120.3	3652	3738
35-BH-01846	3	12	2008	90.1	9	2017	86.2	3829	3758
35-BH-01846	3	12	2008	90.1	10	2018	162.8	4163	3794
35-BH-01846	3	12	2008	90.1	11	2019	102.9	4375	3817
35-BH-01846	3	12	2008	90.1	12	2020	145.1	4673	3850
35-BH-01846	3	12	2008	90.1	edge		-0.0	4673	3850
36-BH-01850	3	6	2014	221.7	core			456	2576
36-BH-01850	3	6	2014	221.7	1	2015	564.0	1365	1847
36-BH-01850	3	6	2014	221.7	2	2016	332.5	1901	1418
36-BH-01850	3	6	2014	221.7	3	2017	161.9	2162	1208
36-BH-01850	3	6	2014	221.7	4	2018	181.9	2455	973
36-BH-01850	3	6	2014	221.7	5	2019	159.7	2712	767
36-BH-01850	3	6	2014	221.7	6	2020	96.6	2868	642
36-BH-01850	3	6	2014	221.7	edge		0.0	2868	642
37-BH-01717	3	13	2007	118.7	core			318	4037
37-BH-01717	3	13	2007	118.7	1	2008	445.4	984	3402
37-BH-01717	3	13	2007	118.7	2	2009	202.6	1287	3113
37-BH-01717	3	13	2007	118.7	3	2010	129.0	1480	2929
37-BH-01717	3	13	2007	118.7	4	2011	128.6	1672	2746
37-BH-01717	3	13	2007	118.7	5	2012	137.0	1877	2550
37-BH-01717	3	13	2007	118.7	6	2013	164.3	2122	2316
37-BH-01717	3	13	2007	118.7	7	2014	134.2	2323	2125
37-BH-01717	3	13	2007	118.7	8	2015	106.8	2482	1973
37-BH-01717	3	13	2007	118.7	9	2016	74.0	2593	1867
37-BH-01717	3	13	2007	118.7	10	2017	71.2	2699	1766
37-BH-01717	3	13	2007	118.7	11	2018	136.9	2904	1570
37-BH-01717	3	13	2007	118.7	12	2019	101.5	3056	1426
37-BH-01717	3	13	2007	118.7	13	2020	123.3	3240	1250
37-BH-01717	3	13	2007	118.7	edge		-0.0	3240	1250
38-BH-01588	3	10	2010	175.4	core			588	2489
38-BH-01588	3	10	2010	175.4	1	2011	437.7	1450	2763
38-BH-01588	3	10	2010	175.4	2	2012	214.4	1872	2897
38-BH-01588	3	10	2010	175.4	3	2013	167.7	2202	3002
38-BH-01588	3	10	2010	175.4	4	2014	149.5	2496	3096
38-BH-01588	3	10	2010	175.4	5	2015	138.4	2768	3183
38-BH-01588	3	10	2010	175.4	6	2016	110.2	2985	3252
38-BH-01588	3	10	2010	175.4	7	2017	119.9	3221	3327
38-BH-01588	3	10	2010	175.4	8	2018	149.5	3516	3420
38-BH-01588	3	10	2010	175.4	9	2019	138.4	3788	3507
38-BH-01588	3	10	2010	175.4	10	2020	148.3	4080	3600
38-BH-01588	3	10	2010	175.4	edge		-0.0	4080	3600
39-BH-01556	3	10	2010	237.6	core			52	2821
39-BH-01556	3	10	2010	237.6	1	2011	378.8	738	2444
39-BH-01556	3	10	2010	237.6	2	2012	224.6	1144	2220
39-BH-01556	3	10	2010	237.6	3	2013	191.0	1490	2030
39-BH-01556	3	10	2010	237.6	4	2014	162.5	1784	1868
39-BH-01556	3	10	2010	237.6	5	2015	144.4	2045	1724
39-BH-01556	3	10	2010	237.6	6	2016	132.6	2285	1592
39-BH-01556	3	10	2010	237.6	7	2017	103.8	2473	1489
39-BH-01556	3	10	2010	237.6	8	2018	144.4	2734	1345
39-BH-01556	3	10	2010	237.6	9	2019	114.3	2941	1231
39-BH-01556	3	10	2010	237.6	10	2020	109.3	3139	1122
39-BH-01556	3	10	2010	237.6	edge		0.0	3139	1122
4-BH-91328	3	11	2010	371.5	core			604	2688
4-BH-91328	3	11	2010	371.5	1	2011	431.5	1412	2311
4-BH-91328	3	11	2010	371.5	2	2012	214.8	1814	2124
4-BH-91328	3	11	2010	371.5	3	2013	140.4	2077	2001
4-BH-91328	3	11	2010	371.5	4	2014	135.2	2330	1883
4-BH-91328	3	11	2010	371.5	5	2015	145.3	2602	1757
4-BH-91328	3	11	2010	371.5	6	2016	119.8	2826	1652
4-BH-91328	3	11	2010	371.5	7	2017	128.0	3066	1540
4-BH-91328	3	11	2010	371.5	8	2018	111.1	3274	1443
4-BH-91328	3	11	2010	371.5	9	2019	95.0	3452	1361
4-BH-91328	3	11	2010	371.5	10	2020	97.1	3634	1276
4-BH-91328	3	11	2010	371.5	11	2021	79.8	3783	1206
4-BH-91328	3	11	2010	371.5	edge		34.6	3848	1176
40-BH-01576	3	2	2018	180.9	core			324	1167
40-BH-01576	3	2	2018	180.9	1	2019	591.4	1403	593
40-BH-01576	3	2	2018	180.9	2	2020	275.5	1905	326
40-BH-01576	3	2	2018	180.9	edge		0.0	1905	326
41-BH-00689	3	2	2018	197.7	core			348	1388
41-BH-00689	3	2	2018	197.7	1	2019	561.0	1479	1641
41-BH-00689	3	2	2018	197.7	2	2020	316.1	2116	1784
41-BH-00689	3	2	2018	197.7	edge		-0.0	2116	1784
42-BH-01594	3	2	2018	271.6	core			411	1308
42-BH-01594	3	2	2018	271.6	1	2019	569.0	1356	609
42-BH-01594	3	2	2018	271.6	2	2020	300.0	1854	240
42-BH-01594	3	2	2018	271.6	edge		0.0	1854	240
43-BH-01598	3	4	2016	259.2	core			525	1817
43-BH-01598	3	4	2016	259.2	1	2017	536.1	1539	1372
43-BH-01598	3	4	2016	259.2	2	2018	238.5	1990	1174
43-BH-01598	3	4	2016	259.2	3	2019	211.3	2390	999
43-BH-01598	3	4	2016	259.2	4	2020	294.9	2948	754
43-BH-01598	3	4	2016	259.2	edge		-0.0	2948	754
44-BH-00685	3	3	2017	156.7	core			486	1454
44-BH-00685	3	3	2017	156.7	1	2018	563.4	1554	992
44-BH-00685	3	3	2017	156.7	2	2019	211.5	1955	818
44-BH-00685	3	3	2017	156.7	3	2020	270.5	2468	596
44-BH-00685	3	3	2017	156.7	edge		0.0	2468	596
45-BH-01595	3	4	2016	172.8	core			555	1674
45-BH-01595	3	4	2016	172.8	1	2017	518.8	1580	1361
45-BH-01595	3	4	2016	172.8	2	2018	256.2	2086	1206
45-BH-01595	3	4	2016	172.8	3	2019	199.5	2480	1086
45-BH-01595	3	4	2016	172.8	4	2020	208.4	2892	960
45-BH-01595	3	4	2016	172.8	edge		0.0	2892	960
46-BH-01596	3	2	2018	285.4	core			412	1312
46-BH-01596	3	2	2018	285.4	1	2019	556.4	1337	630
46-BH-01596	3	2	2018	285.4	2	2020	277.1	1798	291
46-BH-01596	3	2	2018	285.4	edge		0.0	1798	291
47-BH-00681	3	2	2018	310.4	core			296	1341
47-BH-00681	3	2	2018	310.4	1	2019	584.7	1265	620
47-BH-00681	3	2	2018	310.4	2	2020	272.2	1716	284
47-BH-00681	3	2	2018	310.4	edge		-0.0	1716	284
48-BH-01585	3	10	2010	194.7	core			297	2754
48-BH-01585	3	10	2010	194.7	1	2011	386.4	1068	2547
48-BH-01585	3	10	2010	194.7	2	2012	212.2	1491	2433
48-BH-01585	3	10	2010	194.7	3	2013	167.1	1825	2344
48-BH-01585	3	10	2010	194.7	4	2014	142.9	2110	2267
48-BH-01585	3	10	2010	194.7	5	2015	122.5	2354	2202
48-BH-01585	3	10	2010	194.7	6	2016	169.1	2692	2111
48-BH-01585	3	10	2010	194.7	7	2017	111.3	2914	2052
48-BH-01585	3	10	2010	194.7	8	2018	102.2	3118	1997
48-BH-01585	3	10	2010	194.7	9	2019	101.4	3320	1943
48-BH-01585	3	10	2010	194.7	10	2020	131.8	3583	1872
48-BH-01585	3	10	2010	194.7	edge		0.0	3583	1872
49-BH-01567	3	2	2018	126.6	core			680	1369
49-BH-01567	3	2	2018	126.6	1	2019	476.7	1358	654
49-BH-01567	3	2	2018	126.6	2	2020	269.1	1740	251
49-BH-01567	3	2	2018	126.6	edge		0.0	1740	251
50-BH-01580	3	2	2018	88.6	core			296	1671
50-BH-01580	3	2	2018	88.6	1	2019	690.9	1717	1810
50-BH-01580	3	2	2018	88.6	2	2020	309.0	2352	1872
50-BH-01580	3	2	2018	88.6	edge		0.0	2352	1872
51-BH-01571	3	2	2018	97.3	core			505	1037
51-BH-01571	3	2	2018	97.3	1	2019	517.9	1492	624
51-BH-01571	3	2	2018	97.3	2	2020	281.3	2028	399
51-BH-01571	3	2	2018	97.3	edge		-0.0	2028	399
52-BH-01569	3	2	2018	171.4	core			611	993
52-BH-01569	3	2	2018	171.4	1	2019	552.4	1733	786
52-BH-01569	3	2	2018	171.4	2	2020	263.4	2268	687
52-BH-01569	3	2	2018	171.4	edge		0.0	2268	687
61-BH-01882	3	2	2018	129.1	core			500	1503
61-BH-01882	3	2	2018	129.1	1	2019	522.1	1549	1251
61-BH-01882	3	2	2018	129.1	2	2020	267.3	2086	1122
61-BH-01882	3	2	2018	129.1	edge		254.6	2597	999
62-BH-01898	3	2	2018	192.4	core			400	1621
62-BH-01898	3	2	2018	192.4	1	2019	626.7	1495	931
62-BH-01898	3	2	2018	192.4	2	2020	230.5	1898	677
62-BH-01898	3	2	2018	192.4	edge		198.3	2245	459
63-BH-01899	3	2	2018	218.4	core			706	1506
63-BH-01899	3	2	2018	218.4	1	2019	477.7	1497	916
63-BH-01899	3	2	2018	218.4	2	2020	235.1	1886	626
63-BH-01899	3	2	2018	218.4	edge		179.7	2184	404
64-BH-01885	3	2	2018	259.0	core			254	1746
64-BH-01885	3	2	2018	259.0	1	2019	496.7	1049	1097
64-BH-01885	3	2	2018	259.0	2	2020	228.3	1415	799
64-BH-01885	3	2	2018	259.0	edge		223.2	1772	508
65-BH-01900	3	3	2017	142.1	core			84	1673
65-BH-01900	3	3	2017	142.1	1	2018	519.0	1079	1274
65-BH-01900	3	3	2017	142.1	2	2019	247.7	1554	1084
65-BH-01900	3	3	2017	142.1	3	2020	280.5	2092	868
65-BH-01900	3	3	2017	142.1	edge		-0.0	2092	868
66-BH-01889	3	4	2016	163.8	core			322	2185
66-BH-01889	3	4	2016	163.8	1	2017	536.5	1325	1714
66-BH-01889	3	4	2016	163.8	2	2018	298.7	1884	1452
66-BH-01889	3	4	2016	163.8	3	2019	200.2	2258	1277
66-BH-01889	3	4	2016	163.8	4	2020	227.6	2684	1077
66-BH-01889	3	4	2016	163.8	edge		128.9	2925	964
67-BH-01883	3	5	2015	258.2	core			456	2345
67-BH-01883	3	5	2015	258.2	1	2016	444.7	1180	1780
67-BH-01883	3	5	2015	258.2	2	2017	250.9	1589	1461
67-BH-01883	3	5	2015	258.2	3	2018	196.4	1909	1212
67-BH-01883	3	5	2015	258.2	4	2019	138.3	2134	1036
67-BH-01883	3	5	2015	258.2	5	2020	165.6	2404	825
67-BH-01883	3	5	2015	258.2	edge		163.3	2670	618
68-BH-01891	3	8	2012	182.9	core			222	2522
68-BH-01891	3	8	2012	182.9	1	2013	399.7	974	2180
68-BH-01891	3	8	2012	182.9	2	2014	218.5	1385	1994
68-BH-01891	3	8	2012	182.9	3	2015	141.3	1650	1873
68-BH-01891	3	8	2012	182.9	4	2016	135.1	1904	1757
68-BH-01891	3	8	2012	182.9	5	2017	117.1	2125	1657
68-BH-01891	3	8	2012	182.9	6	2018	126.0	2361	1550
68-BH-01891	3	8	2012	182.9	7	2019	149.8	2643	1422
68-BH-01891	3	8	2012	182.9	8	2020	90.9	2814	1344
68-BH-01891	3	8	2012	182.9	edge		140.4	3078	1224
69-BH-01908	3	9	2012	166.2	core			780	3134
69-BH-01908	3	9	2012	166.2	1	2013	408.3	1603	2949
69-BH-01908	3	9	2012	166.2	2	2014	204.1	2014	2857
69-BH-01908	3	9	2012	166.2	3	2015	187.8	2393	2772
69-BH-01908	3	9	2012	166.2	4	2016	211.3	2819	2676
69-BH-01908	3	9	2012	166.2	5	2017	182.3	3186	2593
69-BH-01908	3	9	2012	166.2	6	2018	213.4	3616	2497
69-BH-01908	3	9	2012	166.2	7	2019	123.1	3864	2441
69-BH-01908	3	9	2012	166.2	8	2020	94.9	4056	2398
69-BH-01908	3	9	2012	166.2	9	2021	119.3	4296	2344
69-BH-01908	3	9	2012	166.2	edge		0.0	4296	2344
70-BH-01722	3	13	2007	101.8	core			1246	2568
70-BH-01722	3	13	2007	101.8	1	2008	405.7	2047	2815
70-BH-01722	3	13	2007	101.8	2	2009	193.6	2429	2933
70-BH-01722	3	13	2007	101.8	3	2010	141.5	2709	3019
70-BH-01722	3	13	2007	101.8	4	2011	157.3	3019	3114
70-BH-01722	3	13	2007	101.8	5	2012	159.3	3334	3211
70-BH-01722	3	13	2007	101.8	6	2013	95.8	3523	3269
70-BH-01722	3	13	2007	101.8	7	2014	168.1	3855	3372
70-BH-01722	3	13	2007	101.8	8	2015	108.5	4069	3438
70-BH-01722	3	13	2007	101.8	9	2016	112.1	4290	3506
70-BH-01722	3	13	2007	101.8	10	2017	100.1	4488	3567
70-BH-01722	3	13	2007	101.8	11	2018	102.9	4691	3629
70-BH-01722	3	13	2007	101.8	12	2019	77.9	4845	3677
70-BH-01722	3	13	2007	101.8	13	2020	74.5	4992	3722
70-BH-01722	3	13	2007	101.8	edge		-0.0	4992	3722
71-BH-01904	3	1	2020	180.2	core			404	850
71-BH-01904	3	1	2020	180.2	1	2021	730.0	1761	192
71-BH-01904	3	1	2020	180.2	edge		0.0	1761	192
72-BH-01903	3	1	2020	185.4	core			363	768
72-BH-01903	3	1	2020	185.4	1	2021	629.0	1505	149
72-BH-01903	3	1	2020	185.4	edge		0.0	1505	149
73-BH-01902	3	2	2018	270.8	core			300	1261
73-BH-01902	3	2	2018	270.8	1	2019	668.9	1619	848
73-BH-01902	3	2	2018	270.8	2	2020	240.6	2093	699
73-BH-01902	3	2	2018	270.8	edge		186.2	2460	584
74-BH-00742	3	1	2018	153.2	core			375	1169
74-BH-00742	3	1	2018	153.2	1	2019	607.4	1480	574
74-BH-00742	3	1	2018	153.2	edge		274.9	1980	305
75-BH-01897	3	2	2018	190.1	core			478	1301
75-BH-01897	3	2	2018	190.1	1	2019	584.8	1586	820
75-BH-01897	3	2	2018	190.1	2	2020	237.5	2036	625
75-BH-01897	3	2	2018	190.1	edge		196.0	2408	464
76-BH-00750	3	1	2018	193.5	core			496	1243
76-BH-00750	3	1	2018	193.5	1	2019	696.7	1863	792
76-BH-00750	3	1	2018	193.5	edge		136.8	2131	703
77-BH-01892	3	2	2018	164.5	core			558	1444
77-BH-01892	3	2	2018	164.5	1	2019	552.7	1562	900
77-BH-01892	3	2	2018	164.5	2	2020	249.6	2015	654
77-BH-01892	3	2	2018	164.5	edge		221.0	2416	436
78-BH-01893	3	3	2017	225.2	core			630	1363
78-BH-01893	3	3	2017	225.2	1	2018	472.7	1450	833
78-BH-01893	3	3	2017	225.2	2	2019	123.0	1663	695
78-BH-01893	3	3	2017	225.2	3	2020	226.2	2056	442
78-BH-01893	3	3	2017	225.2	edge		108.4	2244	320
A-BH-00355	3	2	2017	286.1	core			328	1208
A-BH-00355	3	2	2017	286.1	1	2018	495.6	1227	717
A-BH-00355	3	2	2017	286.1	2	2019	237.5	1657	482
A-BH-00355	3	2	2017	286.1	edge		107.4	1852	376
B-BH-00356	3	7	2012	279.1	core			1089	2138
B-BH-00356	3	7	2012	279.1	1	2013	460.5	1959	1754
B-BH-00356	3	7	2012	279.1	2	2014	228.8	2392	1563
B-BH-00356	3	7	2012	279.1	3	2015	238.0	2841	1364
B-BH-00356	3	7	2012	279.1	4	2016	233.8	3283	1169
B-BH-00356	3	7	2012	279.1	5	2017	135.4	3539	1056
B-BH-00356	3	7	2012	279.1	6	2018	123.6	3772	952
B-BH-00356	3	7	2012	279.1	7	2019	127.4	4013	846
B-BH-00356	3	7	2012	279.1	edge		48.1	4104	806
C-BH-00391	3	9	2010	185.1	core			333	2412
C-BH-00391	3	9	2010	185.1	1	2011	458.7	1239	2133
C-BH-00391	3	9	2010	185.1	2	2012	207.6	1648	2006
C-BH-00391	3	9	2010	185.1	3	2013	183.9	2011	1895
C-BH-00391	3	9	2010	185.1	4	2014	196.5	2399	1775
C-BH-00391	3	9	2010	185.1	5	2015	156.1	2707	1680
C-BH-00391	3	9	2010	185.1	6	2016	113.8	2932	1611
C-BH-00391	3	9	2010	185.1	7	2017	92.0	3114	1555
C-BH-00391	3	9	2010	185.1	8	2018	105.7	3322	1490
C-BH-00391	3	9	2010	185.1	9	2019	80.7	3482	1441
C-BH-00391	3	9	2010	185.1	edge		47.8	3576	1412
D-BH-00392	3	7	2012	287.8	core			1943	2848
D-BH-00392	3	7	2012	287.8	1	2013	565.0	3024	2408
D-BH-00392	3	7	2012	287.8	2	2014	189.1	3386	2261
D-BH-00392	3	7	2012	287.8	3	2015	229.4	3825	2082
D-BH-00392	3	7	2012	287.8	4	2016	215.7	4238	1914
D-BH-00392	3	7	2012	287.8	5	2017	140.3	4506	1805
D-BH-00392	3	7	2012	287.8	6	2018	132.3	4759	1702
D-BH-00392	3	7	2012	287.8	7	2019	110.0	4970	1616
D-BH-00392	3	7	2012	287.8	edge		82.7	5128	1552
E-BH-00398	3	6	2013	232.4	core			54	2252
E-BH-00398	3	6	2013	232.4	1	2014	431.0	870	1897
E-BH-00398	3	6	2013	232.4	2	2015	300.5	1440	1649
E-BH-00398	3	6	2013	232.4	3	2016	252.5	1918	1441
E-BH-00398	3	6	2013	232.4	4	2017	103.8	2114	1355
E-BH-00398	3	6	2013	232.4	5	2018	131.6	2363	1247
E-BH-00398	3	6	2013	232.4	6	2019	132.4	2614	1138
E-BH-00398	3	6	2013	232.4	edge		99.1	2802	1056
F-BH-00405	3	2	2017	166.5	core			984	1327
F-BH-00405	3	2	2017	166.5	1	2018	367.2	1668	999
F-BH-00405	3	2	2017	166.5	2	2019	295.9	2220	735
F-BH-00405	3	2	2017	166.5	edge		197.7	2588	559
G-BH-00411	3	3	2016	189.7	core			460	1608
G-BH-00411	3	3	2016	189.7	1	2017	397.9	1213	1279
G-BH-00411	3	3	2016	189.7	2	2018	388.7	1949	959
G-BH-00411	3	3	2016	189.7	3	2019	214.7	2356	781
G-BH-00411	3	3	2016	189.7	edge		146.8	2634	660
H-BH-00418	3	6	2013	192.5	core			940	2437
H-BH-00418	3	6	2013	192.5	1	2014	386.8	1714	2238
H-BH-00418	3	6	2013	192.5	2	2015	261.4	2237	2104
H-BH-00418	3	6	2013	192.5	3	2016	300.8	2839	1950
H-BH-00418	3	6	2013	192.5	4	2017	234.6	3308	1829
H-BH-00418	3	6	2013	192.5	5	2018	195.1	3699	1729
H-BH-00418	3	6	2013	192.5	6	2019	174.3	4048	1640
H-BH-00418	3	6	2013	192.5	edge		58.1	4164	1610
I-BH-00419	3	10	2009	187.5	core			973	3298
I-BH-00419	3	10	2009	187.5	1	2010	384.7	1694	2964
I-BH-00419	3	10	2009	187.5	2	2011	195.8	2061	2794
I-BH-00419	3	10	2009	187.5	3	2012	209.6	2454	2612
I-BH-00419	3	10	2009	187.5	4	2013	190.7	2812	2446
I-BH-00419	3	10	2009	187.5	5	2014	155.8	3104	2311
I-BH-00419	3	10	2009	187.5	6	2015	150.9	3386	2180
I-BH-00419	3	10	2009	187.5	7	2016	162.6	3691	2039
I-BH-00419	3	10	2009	187.5	8	2017	124.7	3925	1931
I-BH-00419	3	10	2009	187.5	9	2018	112.8	4136	1833
I-BH-00419	3	10	2009	187.5	10	2019	128.5	4377	1721
I-BH-00419	3	10	2009	187.5	edge		93.3	4552	1640
J-BH-01767	3	8	2012	321.4	core			468	1497
J-BH-01767	3	8	2012	321.4	1	2013	372.4	1217	1321
J-BH-01767	3	8	2012	321.4	2	2014	247.3	1714	1205
J-BH-01767	3	8	2012	321.4	3	2015	174.0	2064	1123
J-BH-01767	3	8	2012	321.4	4	2016	165.6	2397	1044
J-BH-01767	3	8	2012	321.4	5	2017	161.3	2722	968
J-BH-01767	3	8	2012	321.4	6	2018	152.8	3029	896
J-BH-01767	3	8	2012	321.4	7	2019	108.4	3247	845
J-BH-01767	3	8	2012	321.4	8	2020	97.3	3443	799
J-BH-01767	3	8	2012	321.4	edge		66.2	3576	768
K-BH-01772	3	5	2015	266.7	core			714	1723
K-BH-01772	3	5	2015	266.7	1	2016	423.5	1559	1496
K-BH-01772	3	5	2015	266.7	2	2017	282.5	2123	1345
K-BH-01772	3	5	2015	266.7	3	2018	174.0	2470	1251
K-BH-01772	3	5	2015	266.7	4	2019	171.9	2813	1159
K-BH-01772	3	5	2015	266.7	5	2020	138.8	3090	1085
K-BH-01772	3	5	2015	266.7	edge		42.3	3174	1062
L-BH-01774	3	4	2016	270.4	core			768	1454
L-BH-01774	3	4	2016	270.4	1	2017	562.9	1920	1293
L-BH-01774	3	4	2016	270.4	2	2018	199.2	2327	1236
L-BH-01774	3	4	2016	270.4	3	2019	205.4	2747	1177
L-BH-01774	3	4	2016	270.4	4	2020	288.3	3337	1095
L-BH-01774	3	4	2016	270.4	edge		52.2	3444	1080
M-BH-01776	3	2	2018	196.5	core			682	1622
M-BH-01776	3	2	2018	196.5	1	2019	667.2	1855	899
M-BH-01776	3	2	2018	196.5	2	2020	270.3	2331	606
M-BH-01776	3	2	2018	196.5	edge		300.9	2860	280
N-BH-01877	3	2	2018	170.8	core			848	1087
N-BH-01877	3	2	2018	170.8	1	2019	415.5	1623	719
N-BH-01877	3	2	2018	170.8	2	2020	230.4	2053	514
N-BH-01877	3	2	2018	170.8	edge		231.4	2485	309
O-BH-01922	3	12	2009	122.2	core			15	2411
O-BH-01922	3	12	2009	122.2	1	2010	349.2	696	2173
O-BH-01922	3	12	2009	122.2	2	2011	242.5	1169	2008
O-BH-01922	3	12	2009	122.2	3	2012	187.3	1534	1880
O-BH-01922	3	12	2009	122.2	4	2013	152.8	1832	1776
O-BH-01922	3	12	2009	122.2	5	2014	161.8	2148	1666
O-BH-01922	3	12	2009	122.2	6	2015	147.0	2435	1566
O-BH-01922	3	12	2009	122.2	7	2016	121.5	2672	1483
O-BH-01922	3	12	2009	122.2	8	2017	124.8	2915	1398
O-BH-01922	3	12	2009	122.2	9	2018	105.7	3121	1326
O-BH-01922	3	12	2009	122.2	10	2019	95.1	3307	1262
O-BH-01922	3	12	2009	122.2	11	2020	67.7	3439	1216
O-BH-01922	3	12	2009	122.2	12	2021	46.4	3529	1184
O-BH-01922	3	12	2009	122.2	edge		-0.0	3529	1184
P-BH-00424	3	2	2017	178.7	core			562	1108
P-BH-00424	3	2	2017	178.7	1	2018	394.1	1298	760
P-BH-00424	3	2	2017	178.7	2	2019	266.7	1796	524
P-BH-00424	3	2	2017	178.7	edge		154.8	2085	387
Q-BH-90910	3	5	2016	218.4	core			798	1544
Q-BH-90910	3	5	2016	218.4	1	2017	486.8	1730	1167
Q-BH-90910	3	5	2016	218.4	2	2018	216.3	2145	999
Q-BH-90910	3	5	2016	218.4	3	2019	160.2	2451	875
Q-BH-90910	3	5	2016	218.4	4	2020	129.5	2699	775
Q-BH-90910	3	5	2016	218.4	5	2021	127.8	2944	676
Q-BH-90910	3	5	2016	218.4	edge		-0.0	2944	676
R-BH-90928	3	3	2018	174.5	core			894	1063
R-BH-90928	3	3	2018	174.5	1	2019	376.2	1635	828
R-BH-90928	3	3	2018	174.5	2	2020	265.7	2158	661
R-BH-90928	3	3	2018	174.5	3	2021	251.1	2652	504
R-BH-90928	3	3	2018	174.5	edge		0.0	2652	504
S-BH-90946	3	6	2015	151.1	core			750	1713
S-BH-90946	3	6	2015	151.1	1	2016	409.7	1565	1483
S-BH-90946	3	6	2015	151.1	2	2017	210.1	1982	1366
S-BH-90946	3	6	2015	151.1	3	2018	205.9	2392	1250
S-BH-90946	3	6	2015	151.1	4	2019	148.9	2688	1167
S-BH-90946	3	6	2015	151.1	5	2020	123.0	2932	1098
S-BH-90946	3	6	2015	151.1	6	2021	118.0	3167	1032
S-BH-90946	3	6	2015	151.1	edge		-0.0	3167	1032
T-BH-90970	3	6	2015	244.8	core			1020	1902
T-BH-90970	3	6	2015	244.8	1	2016	337.4	1677	1670
T-BH-90970	3	6	2015	244.8	2	2017	239.5	2144	1505
T-BH-90970	3	6	2015	244.8	3	2018	167.0	2469	1390
T-BH-90970	3	6	2015	244.8	4	2019	128.7	2720	1302
T-BH-90970	3	6	2015	244.8	5	2020	136.9	2986	1208
T-BH-90970	3	6	2015	244.8	6	2021	149.2	3277	1105
T-BH-90970	3	6	2015	244.8	edge		0.0	3277	1105
U-BH-90981	3	6	2015	165.2	core			882	1903
U-BH-90981	3	6	2015	165.2	1	2016	419.1	1734	1748
U-BH-90981	3	6	2015	165.2	2	2017	271.9	2286	1648
U-BH-90981	3	6	2015	165.2	3	2018	189.8	2672	1577
U-BH-90981	3	6	2015	165.2	4	2019	219.6	3119	1496
U-BH-90981	3	6	2015	165.2	5	2020	217.2	3560	1416
U-BH-90981	3	6	2015	165.2	6	2021	259.8	4088	1320
U-BH-90981	3	6	2015	165.2	edge		-0.0	4088	1320
V-BH-90997	3	4	2017	187.4	core			1125	1991
V-BH-90997	3	4	2017	187.4	1	2018	573.7	2238	1583
V-BH-90997	3	4	2017	187.4	2	2019	467.8	3145	1250
V-BH-90997	3	4	2017	187.4	3	2020	184.6	3503	1119
V-BH-90997	3	4	2017	187.4	4	2021	71.7	3642	1068
V-BH-90997	3	4	2017	187.4	edge		-0.0	3642	1068
W-BH-91013	3	3	2018	175.9	core			858	1430
W-BH-91013	3	3	2018	175.9	1	2019	440.1	1587	887
W-BH-91013	3	3	2018	175.9	2	2020	215.7	1945	621
W-BH-91013	3	3	2018	175.9	3	2021	289.3	2424	264
W-BH-91013	3	3	2018	175.9	edge		-0.0	2424	264
X-BH-91045	3	3	2018	205.7	core			540	1665
X-BH-91045	3	3	2018	205.7	1	2019	573.5	1565	1071
X-BH-91045	3	3	2018	205.7	2	2020	265.6	2040	795
X-BH-91045	3	3	2018	205.7	3	2021	288.9	2556	496
X-BH-91045	3	3	2018	205.7	edge		0.0	2556	496
Y-BH-91050	3	5	2016	186.8	core			644	1749
Y-BH-91050	3	5	2016	186.8	1	2017	496.6	1606	1394
Y-BH-91050	3	5	2016	186.8	2	2018	218.6	2030	1238
Y-BH-91050	3	5	2016	186.8	3	2019	175.7	2371	1112
Y-BH-91050	3	5	2016	186.8	4	2020	129.5	2622	1019
Y-BH-91050	3	5	2016	186.8	5	2021	133.3	2880	924
Y-BH-91050	3	5	2016	186.8	edge		0.0	2880	924
Z-BH-91053	3	3	2018	168.6	core			297	1401
Z-BH-91053	3	3	2018	168.6	1	2019	427.6	1180	1403
Z-BH-91053	3	3	2018	168.6	2	2020	557.2	2331	1405
Z-BH-91053	3	3	2018	168.6	3	2021	336.7	3027	1407
Z-BH-91053	3	3	2018	168.6	edge		0.0	3027	1407
