Sample	Quality	Age	Cohort	Core	I	Year	Increment	X	Y
01_BH-93143	3	3	2019	154.6	core			928	1460
01_BH-93143	3	3	2019	154.6	1	2020	374.0	1613	1817
01_BH-93143	3	3	2019	154.6	2	2021	309.3	2180	2112
01_BH-93143	3	3	2019	154.6	3	2022	414.7	2940	2508
01_BH-93143	3	3	2019	154.6	edge		-0.0	2940	2508
02_BH-93002	3	3	2019	172.8	core			568	1322
02_BH-93002	3	3	2019	172.8	1	2020	379.2	1285	1638
02_BH-93002	3	3	2019	172.8	2	2021	387.9	2018	1962
02_BH-93002	3	3	2019	172.8	3	2022	386.4	2748	2284
02_BH-93002	3	3	2019	172.8	edge		0.0	2748	2284
03_BH-92993	3	3	2019	133.4	core			663	1430
03_BH-92993	3	3	2019	133.4	1	2020	546.0	1703	1868
03_BH-92993	3	3	2019	133.4	2	2021	195.8	2075	2026
03_BH-92993	3	3	2019	133.4	3	2022	359.3	2759	2314
03_BH-92993	3	3	2019	133.4	edge		-0.0	2759	2314
05_BH-93005	3	3	2019	143.9	core			737	1640
05_BH-93005	3	3	2019	143.9	1	2020	484.5	1649	2052
05_BH-93005	3	3	2019	143.9	2	2021	250.8	2122	2265
05_BH-93005	3	3	2019	143.9	3	2022	315.1	2715	2532
05_BH-93005	3	3	2019	143.9	edge		0.0	2715	2532
06_BH-93116	3	2	2020	130.2	core			633	1699
06_BH-93116	3	2	2020	130.2	1	2021	597.5	1819	2040
06_BH-93116	3	2	2020	130.2	2	2022	292.1	2399	2207
06_BH-93116	3	2	2020	130.2	edge		-0.0	2399	2207
07_BH-93066	3	2	2020	135.2	core			473	941
07_BH-93066	3	2	2020	135.2	1	2021	471.8	1301	1455
07_BH-93066	3	2	2020	135.2	2	2022	267.1	1770	1746
07_BH-93066	3	2	2020	135.2	edge		-0.0	1770	1746
08_BH-93178	3	2	2020	175.7	core			714	1355
08_BH-93178	3	2	2020	175.7	1	2021	693.0	2122	1615
08_BH-93178	3	2	2020	175.7	2	2022	385.6	2906	1759
08_BH-93178	3	2	2020	175.7	edge		-0.0	2906	1759
09_BH-51614	3	9	2013	104.4	core			606	2563
09_BH-51614	3	9	2013	104.4	1	2014	328.8	1235	2821
09_BH-51614	3	9	2013	104.4	2	2015	198.4	1614	2977
09_BH-51614	3	9	2013	104.4	3	2016	300.4	2188	3213
09_BH-51614	3	9	2013	104.4	4	2017	217.1	2603	3383
09_BH-51614	3	9	2013	104.4	5	2018	150.2	2890	3501
09_BH-51614	3	9	2013	104.4	6	2019	153.3	3183	3621
09_BH-51614	3	9	2013	104.4	7	2020	140.1	3451	3731
09_BH-51614	3	9	2013	104.4	8	2021	123.0	3686	3828
09_BH-51614	3	9	2013	104.4	9	2022	137.3	3948	3935
09_BH-51614	3	9	2013	104.4	edge		0.0	3948	3935
10_BH-93003	3	10	2012	131.8	core			685	2823
10_BH-93003	3	10	2012	131.8	1	2013	339.6	1352	3043
10_BH-93003	3	10	2012	131.8	2	2014	268.8	1879	3217
10_BH-93003	3	10	2012	131.8	3	2015	165.3	2203	3324
10_BH-93003	3	10	2012	131.8	4	2016	172.2	2541	3435
10_BH-93003	3	10	2012	131.8	5	2017	159.1	2853	3538
10_BH-93003	3	10	2012	131.8	6	2018	170.9	3188	3649
10_BH-93003	3	10	2012	131.8	7	2019	153.5	3489	3748
10_BH-93003	3	10	2012	131.8	8	2020	125.7	3736	3830
10_BH-93003	3	10	2012	131.8	9	2021	79.9	3893	3882
10_BH-93003	3	10	2012	131.8	10	2022	81.3	4052	3934
10_BH-93003	3	10	2012	131.8	edge		-0.0	4052	3934
A_BH-93152	3	2	2020	315.8	core			303	1476
A_BH-93152	3	2	2020	315.8	1	2021	692.7	1616	2046
A_BH-93152	3	2	2020	315.8	2	2022	384.6	2345	2363
A_BH-93152	3	2	2020	315.8	edge		-0.0	2345	2363
B_BH-92996	3	2	2020	173.9	core			348	1486
B_BH-92996	3	2	2020	173.9	1	2021	901.0	2208	1551
B_BH-92996	3	2	2020	173.9	2	2022	474.0	3187	1586
B_BH-92996	3	2	2020	173.9	edge		0.0	3187	1586
C_BH-93172	3	3	2019	239.7	core			1212	1715
C_BH-93172	3	3	2019	239.7	1	2020	709.7	2623	2114
C_BH-93172	3	3	2019	239.7	2	2021	343.5	3306	2307
C_BH-93172	3	3	2019	239.7	3	2022	356.4	4015	2508
C_BH-93172	3	3	2019	239.7	edge		-0.0	4015	2508
D_BH-93015	3	2	2020	220.7	core			852	1740
D_BH-93015	3	2	2020	220.7	1	2021	609.6	1974	2313
D_BH-93015	3	2	2020	220.7	2	2022	301.3	2528	2596
D_BH-93015	3	2	2020	220.7	edge		-0.0	2528	2596
E_BH-91549	3	2	2020	152.1	core			796	1289
E_BH-91549	3	2	2020	152.1	1	2021	713.5	2131	1916
E_BH-91549	3	2	2020	152.1	2	2022	331.3	2750	2208
E_BH-91549	3	2	2020	152.1	edge		0.0	2750	2208
F_BH-91570	3	3	2019	215.9	core			605	1383
F_BH-91570	3	3	2019	215.9	1	2020	448.2	1471	1713
F_BH-91570	3	3	2019	215.9	2	2021	200.5	1858	1860
F_BH-91570	3	3	2019	215.9	3	2022	387.3	2606	2145
F_BH-91570	3	3	2019	215.9	edge		-0.0	2606	2145
G_BH-91588	3	4	2018	106.6	core			1023	1979
G_BH-91588	3	4	2018	106.6	1	2019	512.9	2041	2272
G_BH-91588	3	4	2018	106.6	2	2020	270.8	2579	2427
G_BH-91588	3	4	2018	106.6	3	2021	204.5	2985	2544
G_BH-91588	3	4	2018	106.6	4	2022	234.8	3451	2678
G_BH-91588	3	4	2018	106.6	edge		-0.0	3451	2678
H_BH-91585	3	6	2016	194.7	core			56	1967
H_BH-91585	3	6	2016	194.7	1	2017	427.9	907	2206
H_BH-91585	3	6	2016	194.7	2	2018	349.8	1602	2402
H_BH-91585	3	6	2016	194.7	3	2019	244.3	2088	2538
H_BH-91585	3	6	2016	194.7	4	2020	166.0	2419	2631
H_BH-91585	3	6	2016	194.7	5	2021	172.4	2762	2728
H_BH-91585	3	6	2016	194.7	6	2022	157.2	3074	2815
H_BH-91585	3	6	2016	194.7	edge		0.0	3074	2815
I_BH-93170	3	9	2013	112.5	core			256	3233
I_BH-93170	3	9	2013	112.5	1	2014	444.1	1152	3036
I_BH-93170	3	9	2013	112.5	2	2015	123.7	1402	2981
I_BH-93170	3	9	2013	112.5	3	2016	171.3	1748	2906
I_BH-93170	3	9	2013	112.5	4	2017	241.5	2235	2799
I_BH-93170	3	9	2013	112.5	5	2018	160.4	2559	2728
I_BH-93170	3	9	2013	112.5	6	2019	157.8	2877	2658
I_BH-93170	3	9	2013	112.5	7	2020	113.1	3105	2608
I_BH-93170	3	9	2013	112.5	8	2021	102.4	3312	2562
I_BH-93170	3	9	2013	112.5	9	2022	81.6	3477	2526
I_BH-93170	3	9	2013	112.5	edge		-0.0	3477	2526
J_BH-91534	3	2	2020	206.4	core			485	932
J_BH-91534	3	2	2020	206.4	1	2021	411.2	1267	1266
J_BH-91534	3	2	2020	206.4	2	2022	287.0	1812	1498
J_BH-91534	3	2	2020	206.4	edge		0.0	1812	1498
K_BH-93007	3	6	2016	256.7	core			375	2527
K_BH-93007	3	6	2016	256.7	1	2017	418.5	1199	2790
K_BH-93007	3	6	2016	256.7	2	2018	287.1	1764	2970
K_BH-93007	3	6	2016	256.7	3	2019	392.0	2535	3216
K_BH-93007	3	6	2016	256.7	4	2020	171.0	2872	3324
K_BH-93007	3	6	2016	256.7	5	2021	215.2	3295	3459
K_BH-93007	3	6	2016	256.7	6	2022	225.1	3738	3601
K_BH-93007	3	6	2016	256.7	edge		-0.0	3738	3601
L_BH-93109	3	9	2013	233.0	core			486	3011
L_BH-93109	3	9	2013	233.0	1	2014	447.2	1402	3130
L_BH-93109	3	9	2013	233.0	2	2015	226.1	1865	3191
L_BH-93109	3	9	2013	233.0	3	2016	212.7	2301	3247
L_BH-93109	3	9	2013	233.0	4	2017	179.0	2668	3295
L_BH-93109	3	9	2013	233.0	5	2018	146.6	2968	3334
L_BH-93109	3	9	2013	233.0	6	2019	152.6	3281	3375
L_BH-93109	3	9	2013	233.0	7	2020	125.8	3538	3408
L_BH-93109	3	9	2013	233.0	8	2021	121.2	3787	3441
L_BH-93109	3	9	2013	233.0	9	2022	163.6	4122	3484
L_BH-93109	3	9	2013	233.0	edge		-0.0	4122	3484
M_BH-92990	3	6	2016	195.8	core			585	2932
M_BH-92990	3	6	2016	195.8	1	2017	627.6	1834	3284
M_BH-92990	3	6	2016	195.8	2	2018	241.7	2314	3419
M_BH-92990	3	6	2016	195.8	3	2019	205.7	2723	3534
M_BH-92990	3	6	2016	195.8	4	2020	186.1	3093	3639
M_BH-92990	3	6	2016	195.8	5	2021	184.5	3460	3742
M_BH-92990	3	6	2016	195.8	6	2022	160.4	3779	3832
M_BH-92990	3	6	2016	195.8	edge		-0.0	3779	3832
N_BH-93071	3	8	2014	158.2	core			833	2855
N_BH-93071	3	8	2014	158.2	1	2015	362.7	1583	2838
N_BH-93071	3	8	2014	158.2	2	2016	311.1	2225	2823
N_BH-93071	3	8	2014	158.2	3	2017	259.6	2761	2811
N_BH-93071	3	8	2014	158.2	4	2018	146.1	3063	2804
N_BH-93071	3	8	2014	158.2	5	2019	165.2	3404	2796
N_BH-93071	3	8	2014	158.2	6	2020	128.8	3670	2790
N_BH-93071	3	8	2014	158.2	7	2021	145.8	3971	2783
N_BH-93071	3	8	2014	158.2	8	2022	182.5	4348	2775
N_BH-93071	3	8	2014	158.2	edge		-0.0	4348	2775
O_BH-91571	3	9	2013	195.2	core			580	2734
O_BH-91571	3	9	2013	195.2	1	2014	352.3	1233	3057
O_BH-91571	3	9	2013	195.2	2	2015	158.6	1526	3202
O_BH-91571	3	9	2013	195.2	3	2016	135.1	1777	3326
O_BH-91571	3	9	2013	195.2	4	2017	221.4	2186	3528
O_BH-91571	3	9	2013	195.2	5	2018	251.2	2652	3759
O_BH-91571	3	9	2013	195.2	6	2019	184.1	2993	3927
O_BH-91571	3	9	2013	195.2	7	2020	162.8	3294	4076
O_BH-91571	3	9	2013	195.2	8	2021	178.8	3625	4240
O_BH-91571	3	9	2013	195.2	9	2022	116.0	3840	4346
O_BH-91571	3	9	2013	195.2	edge		-0.0	3840	4346
P_BH-93132	3	9	2013	166.6	core			656	2384
P_BH-93132	3	9	2013	166.6	1	2014	407.5	1475	2577
P_BH-93132	3	9	2013	166.6	2	2015	182.2	1842	2663
P_BH-93132	3	9	2013	166.6	3	2016	232.8	2310	2774
P_BH-93132	3	9	2013	166.6	4	2017	221.1	2755	2878
P_BH-93132	3	9	2013	166.6	5	2018	209.6	3176	2978
P_BH-93132	3	9	2013	166.6	6	2019	183.3	3545	3065
P_BH-93132	3	9	2013	166.6	7	2020	157.7	3862	3139
P_BH-93132	3	9	2013	166.6	8	2021	144.8	4153	3208
P_BH-93132	3	9	2013	166.6	9	2022	150.3	4455	3279
P_BH-93132	3	9	2013	166.6	edge		-0.0	4455	3279
Q_BH-93047	3	4	2018	371.0	core			609	2016
Q_BH-93047	3	4	2018	371.0	1	2019	650.0	1952	2016
Q_BH-93047	3	4	2018	371.0	2	2020	348.5	2672	2015
Q_BH-93047	3	4	2018	371.0	3	2021	226.5	3140	2015
Q_BH-93047	3	4	2018	371.0	4	2022	220.5	3596	2015
Q_BH-93047	3	4	2018	371.0	edge		-0.0	3596	2015
R_BH-93048	3	4	2018	123.6	core			567	2151
R_BH-93048	3	4	2018	123.6	1	2019	594.5	1771	2392
R_BH-93048	3	4	2018	123.6	2	2020	245.6	2269	2491
R_BH-93048	3	4	2018	123.6	3	2021	242.6	2760	2589
R_BH-93048	3	4	2018	123.6	4	2022	239.9	3246	2687
R_BH-93048	3	4	2018	123.6	edge		0.0	3246	2687
S_BH-93097	3	3	2019	149.3	core			589	1982
S_BH-93097	3	3	2019	149.3	1	2020	572.2	1770	2045
S_BH-93097	3	3	2019	149.3	2	2021	462.7	2724	2095
S_BH-93097	3	3	2019	149.3	3	2022	220.7	3179	2119
S_BH-93097	3	3	2019	149.3	edge		0.0	3179	2119
T_BH-93114	3	4	2018	132.8	core			505	2441
T_BH-93114	3	4	2018	132.8	1	2019	471.8	1457	2650
T_BH-93114	3	4	2018	132.8	2	2020	291.4	2045	2779
T_BH-93114	3	4	2018	132.8	3	2021	232.8	2515	2882
T_BH-93114	3	4	2018	132.8	4	2022	184.8	2888	2964
T_BH-93114	3	4	2018	132.8	edge		0.0	2888	2964
