
Run parameters:
   1669 individuals
   32 loci
   4 populations assumed
   50000 Burn-in period
   500000 Reps


--------------------------------------------
Proportion of membership of each pre-defined
 population in each of the 4 clusters

Given    Inferred Clusters              Number of
 Pop       1      2      3      4      Individuals

  1:     0.239  0.720  0.020  0.021      140
  2:     0.107  0.131  0.355  0.407      177
  3:     0.122  0.053  0.399  0.426       75
  4:     0.398  0.196  0.198  0.208       11
  5:     0.096  0.065  0.458  0.381      153
  6:     0.102  0.040  0.528  0.330       33
  7:     0.041  0.033  0.444  0.482       65
  8:     0.050  0.035  0.491  0.424      254
  9:     0.313  0.666  0.010  0.011        5
 10:     0.210  0.094  0.309  0.388        5
 11:     0.115  0.851  0.015  0.019       12
 12:     0.160  0.768  0.029  0.044       11
 13:     0.409  0.544  0.018  0.030       79
 14:     0.311  0.661  0.015  0.013       57
 15:     0.113  0.860  0.012  0.015       54
 16:     0.164  0.777  0.017  0.043       35
 17:     0.050  0.036  0.367  0.547       44
 18:     0.058  0.023  0.477  0.442       97
 19:     0.654  0.121  0.122  0.103      184
 20:     0.109  0.135  0.396  0.361      157
 21:     0.690  0.248  0.028  0.034       21
--------------------------------------------


657 SK_BH_00730    (0)    8 :  0.021 0.009 0.898 0.072 
1333 SE_BH_90956    (0)   19 :  0.920 0.033 0.030 0.017 
658 SK_BH_00732    (0)    8 :  0.010 0.017 0.041 0.932 
655 SK_BH_00670    (0)    8 :  0.046 0.021 0.795 0.138 
656 SK_BH_00729    (0)    8 :  0.019 0.034 0.063 0.884 
404 GB_BH_00750    (0)    5 :  0.838 0.150 0.006 0.006 
1021 PR_BH_00355    (0)   14 :  0.016 0.977 0.004 0.004 
1022 PR_BH_00419   (12)   14 :  0.650 0.335 0.008 0.006 
1023 PR_BH_00424    (0)   14 :  0.316 0.642 0.017 0.025 
204 BB_BH_01688    (0)    2 :  0.033 0.017 0.050 0.899 
 15 BR_BH_00391    (3)    1 :  0.222 0.741 0.009 0.028 
 19 BR_BH_00398    (0)    1 :  0.017 0.970 0.006 0.007 
 25 BR_BH_00405    (0)    1 :  0.017 0.972 0.005 0.005 
 31 BR_BH_00411    (0)    1 :  0.012 0.980 0.004 0.004 
769 SK_BH_90307    (0)    8 :  0.011 0.020 0.867 0.101 
772 SK_BH_90311    (0)    8 :  0.016 0.011 0.913 0.061 
 13 BR_BH_00385    (0)    1 :  0.223 0.766 0.005 0.006 
1497 WB_BH_00681    (0)   20 :  0.008 0.007 0.925 0.061 
1498 WB_BH_00685    (0)   20 :  0.006 0.005 0.056 0.934 
1500 WB_BH_00689    (0)   20 :  0.005 0.006 0.882 0.107 
1501 WB_BH_00696    (0)   20 :  0.004 0.003 0.935 0.057 
318 BG_BH_01555    (0)    3 :  0.040 0.013 0.833 0.113 
319 BG_BH_01556   (15)    3 :  0.010 0.013 0.902 0.075 
320 BG_BH_01560    (0)    3 :  0.032 0.037 0.048 0.882 
321 BG_BH_01567    (0)    3 :  0.083 0.077 0.023 0.817 
322 BG_BH_01569    (0)    3 :  0.025 0.267 0.114 0.595 
323 BG_BH_01570    (3)    3 :  0.071 0.029 0.278 0.621 
324 BG_BH_01571    (0)    3 :  0.358 0.044 0.072 0.526 
325 BG_BH_01576    (0)    3 :  0.091 0.020 0.813 0.076 
326 BG_BH_01580    (0)    3 :  0.009 0.008 0.058 0.926 
327 BG_BH_01582   (12)    3 :  0.049 0.046 0.811 0.094 
1535 WB_BH_01585    (0)   20 :  0.010 0.005 0.895 0.091 
914 KJ_BH_01588    (0)   10 :  0.032 0.033 0.818 0.116 
1536 WB_BH_01594    (0)   20 :  0.006 0.009 0.042 0.943 
1537 WB_BH_01595    (0)   20 :  0.011 0.013 0.052 0.924 
557 GJ_BH_01596    (0)    6 :  0.028 0.010 0.868 0.094 
558 GJ_BH_01598    (6)    6 :  0.154 0.068 0.674 0.104 
328 BG_BH_01701    (3)    3 :  0.148 0.293 0.098 0.462 
1167 SB_BH_01713    (0)   17 :  0.016 0.014 0.868 0.102 
329 BG_BH_01717    (0)    3 :  0.012 0.030 0.180 0.777 
1168 SB_BH_01719    (3)   17 :  0.169 0.044 0.057 0.730 
330 BG_BH_01722    (0)    3 :  0.627 0.035 0.164 0.174 
1169 SB_BH_01731    (0)   17 :  0.138 0.045 0.700 0.117 
590 KB_BH_01737    (0)    7 :  0.017 0.011 0.891 0.081 
1170 SB_BH_01738    (0)   17 :  0.006 0.006 0.055 0.933 
909 KD_BH_01741    (0)    9 :  0.454 0.516 0.018 0.012 
1171 SB_BH_01758   (28)   17 :  0.012 0.023 0.021 0.944 
910 KD_BH_01772    (3)    9 :  0.691 0.268 0.015 0.026 
911 KD_BH_01774    (0)    9 :  0.014 0.980 0.003 0.003 
912 KD_BH_01776    (0)    9 :  0.374 0.611 0.008 0.008 
591 KB_BH_01789    (0)    7 :  0.007 0.004 0.047 0.942 
1172 SB_BH_01802    (6)   17 :  0.015 0.006 0.905 0.073 
1173 SB_BH_01803    (6)   17 :  0.081 0.072 0.274 0.573 
593 KB_BH_01809    (0)    7 :  0.041 0.033 0.014 0.912 
1175 SB_BH_01812    (0)   17 :  0.004 0.003 0.016 0.977 
595 KB_BH_01814    (0)    7 :  0.058 0.019 0.821 0.102 
598 KB_BH_01819    (6)    7 :  0.009 0.011 0.014 0.965 
600 KB_BH_01835    (3)    7 :  0.006 0.007 0.904 0.083 
331 BG_BH_01846    (3)    3 :  0.018 0.010 0.900 0.071 
332 BG_BH_01850   (28)    3 :  0.818 0.133 0.015 0.034 
1188 SB_BH_01855    (9)   17 :  0.012 0.017 0.043 0.928 
604 KB_BH_01860    (0)    7 :  0.004 0.003 0.935 0.058 
1192 SB_BH_01867    (0)   17 :  0.010 0.009 0.923 0.058 
1193 SB_BH_01868    (0)   17 :  0.014 0.009 0.052 0.925 
1194 SB_BH_01869    (0)   17 :  0.005 0.004 0.938 0.053 
408 GB_BH_01882    (0)    5 :  0.020 0.011 0.915 0.055 
409 GB_BH_01883    (0)    5 :  0.006 0.008 0.055 0.931 
411 GB_BH_01885    (0)    5 :  0.035 0.019 0.850 0.096 
405 GB_BH_01877    (0)    5 :  0.018 0.959 0.008 0.016 
415 GB_BH_01889    (0)    5 :  0.047 0.023 0.832 0.098 
417 GB_BH_01891    (0)    5 :  0.143 0.312 0.091 0.453 
418 GB_BH_01892    (0)    5 :  0.008 0.005 0.051 0.936 
419 GB_BH_01893    (0)    5 :  0.012 0.006 0.876 0.105 
423 GB_BH_01897    (0)    5 :  0.010 0.013 0.902 0.075 
424 GB_BH_01898    (0)    5 :  0.029 0.017 0.049 0.905 
425 GB_BH_01899    (0)    5 :  0.007 0.004 0.912 0.076 
426 GB_BH_01900    (0)    5 :  0.014 0.007 0.059 0.920 
428 GB_BH_01902    (0)    5 :  0.023 0.021 0.048 0.908 
429 GB_BH_01903   (15)    5 :  0.807 0.092 0.059 0.042 
430 GB_BH_01904    (0)    5 :  0.215 0.255 0.439 0.092 
1197 SB_BH_01906    (6)   17 :  0.022 0.019 0.062 0.897 
933 N_BH_90910    (0)   12 :  0.024 0.942 0.009 0.024 
1322 SE_BH_90928    (0)   19 :  0.640 0.329 0.012 0.019 
1328 SE_BH_90946    (0)   19 :  0.166 0.008 0.607 0.219 
921 KW_BH_90962    (0)   11 :  0.010 0.973 0.006 0.010 
1344 SE_BH_90979    (0)   19 :  0.954 0.027 0.007 0.012 
1345 SE_BH_90981    (6)   19 :  0.914 0.056 0.018 0.012 
1654 Z_BH_91013   (21)   21 :  0.914 0.068 0.010 0.008 
1657 Z_BH_91045   (25)   21 :  0.807 0.034 0.104 0.055 
1658 Z_BH_91050-    (0)   21 :  0.078 0.907 0.008 0.007 
1366 SE_BH_91054    (0)   19 :  0.708 0.020 0.198 0.074 
1660 Z_BH_91068    (0)   21 :  0.944 0.016 0.011 0.029 
939 N_BH_91117    (0)   12 :  0.033 0.778 0.137 0.052 
941 N_BH_91328    (0)   12 :  0.010 0.979 0.005 0.006 
413 GB_BH_01887    (3)    5 :  0.017 0.027 0.218 0.738 
431 GB_BH_01908    (0)    5 :  0.017 0.021 0.879 0.083 
1424 SE_BH_91570    (0)   19 :  0.079 0.912 0.004 0.005 
606 KB_BH_01922    (0)    7 :  0.043 0.064 0.787 0.106 
1499 WB_BH_00687    (0)   20 :  0.011 0.021 0.903 0.066 
1437 SE_BH_92996    (0)   19 :  0.894 0.094 0.007 0.005 
1434 SE_BH_92993    (0)   19 :  0.895 0.019 0.021 0.065 
1418 SE_BH_91549   (40)   19 :  0.950 0.033 0.008 0.009 
1416 SE_BH_91534    (0)   19 :  0.928 0.038 0.021 0.013 
1441 SE_BH_93005    (0)   19 :  0.047 0.048 0.025 0.880 
1440 SE_BH_93003    (0)   19 :  0.101 0.882 0.009 0.007 
 90 BR_BH_91585    (0)    1 :  0.970 0.019 0.005 0.007 
 98 BR_BH_93048    (0)    1 :  0.159 0.794 0.025 0.022 
 97 BR_BH_93047    (0)    1 :  0.134 0.854 0.006 0.005 
114 BR_BH_93097    (0)    1 :  0.015 0.938 0.029 0.018 
120 BR_BH_93114    (0)    1 :  0.282 0.653 0.041 0.024 
1469 SE_BH_93170    (0)   19 :  0.017 0.012 0.903 0.068 
118 BR_BH_93109    (0)    1 :  0.775 0.204 0.008 0.012 
121 BR_BH_93116    (0)    1 :  0.103 0.826 0.038 0.032 
 94 BR_BH_93007    (0)    1 :  0.053 0.940 0.004 0.004 
126 BR_BH_93132    (0)    1 :  0.832 0.139 0.018 0.011 
1452 SE_BH_93143    (0)   19 :  0.959 0.027 0.007 0.006 
1455 SE_BH_93152    (0)   19 :  0.875 0.111 0.006 0.008 
139 BR_BH_93178    (0)    1 :  0.221 0.766 0.008 0.006 
1471 SE_BH_93172    (0)   19 :  0.962 0.024 0.007 0.008 
1487 SE_BH_93190    (0)   19 :  0.853 0.018 0.087 0.042 
 92 BR_BH_92990    (0)    1 :  0.016 0.972 0.005 0.006 
1439 SE_BH_93002    (0)   19 :  0.406 0.439 0.048 0.107 
